ARH1_2016	0.00	0.00	0.00	0.00	0.00	0.00	0.00	0.00	0.00	0.00	0.00	0.00	0.00	0.00	0.00	0.00	0.00	0.00	0.00	0.00	0.00	0.00	0.00	0.00	0.00	0.00	10.23	0.00	0.00	0.00	
ARH1_2017	0.00	0.00	0.00	0.00	0.00	0.00	0.00	0.00	0.00	0.00	0.00	0.00	0.00	0.00	0.00	0.00	0.00	0.00	0.00	0.00	0.00	7.01	0.00	0.00	0.00	0.00	10.65	0.00	0.00	0.00	
ARH1_2018	0.00	0.00	0.00	0.00	0.00	0.00	0.00	0.00	0.00	0.00	0.00	0.00	0.00	0.00	0.00	0.00	0.00	0.00	0.00	0.00	0.00	0.00	0.00	0.00	0.00	0.00	5.61	0.00	0.00	0.00	
ARH2_2016	0.00	0.00	0.00	0.00	0.00	0.00	0.00	0.00	0.00	0.00	0.00	0.00	0.00	0.00	0.00	0.00	0.00	0.00	0.00	0.00	0.00	80.01	0.00	0.00	0.00	0.00	0.00	0.00	0.00	0.00	
ARH2_2017	0.00	0.00	0.00	0.00	0.00	0.00	0.00	0.00	0.00	0.00	0.00	0.00	0.00	0.00	0.00	12.44	0.00	0.00	0.00	0.00	0.00	1.40	0.00	0.00	0.00	0.00	12.41	0.00	0.00	0.00	
ARH2_2018	0.00	0.00	0.00	0.00	0.00	0.00	0.00	0.00	0.00	0.00	0.00	0.00	0.00	0.00	0.00	0.00	0.00	0.00	0.00	0.00	0.00	0.00	0.00	0.00	0.00	0.00	0.00	0.00	0.00	0.00	
COH1_2017	0.00	0.08	0.00	0.00	0.00	0.00	0.00	0.00	0.00	0.00	0.00	0.00	0.00	0.00	0.00	0.00	0.00	0.00	0.00	0.00	0.00	0.00	0.00	0.00	0.00	0.00	11.36	0.00	0.00	0.00	
COH1_2021	0.00	0.00	0.00	0.00	0.00	0.00	0.00	0.00	0.00	0.00	3.71	0.00	2.45	0.00	0.00	15.95	0.00	0.00	0.00	0.00	0.00	0.00	0.00	0.00	0.00	0.00	14.28	0.00	0.00	0.00	
DEH1_2015	0.00	0.00	0.00	0.00	0.00	0.00	0.00	0.00	0.00	0.00	0.00	0.00	0.00	0.00	0.00	20.55	0.00	0.00	0.00	0.00	0.00	0.00	0.00	0.00	0.00	0.00	19.11	0.00	0.00	0.00	
DEH1_2016	0.00	0.00	0.00	0.00	0.00	0.00	0.00	0.00	0.00	0.00	0.00	0.00	0.00	0.00	0.00	12.27	0.00	0.00	0.00	0.00	0.00	0.00	0.00	0.00	0.00	0.00	18.40	0.00	0.00	0.00	
DEH1_2017	0.00	0.00	0.00	0.00	0.00	0.00	0.00	0.00	0.00	0.00	0.00	0.00	0.00	0.00	0.00	22.12	0.00	0.00	0.00	0.00	0.00	0.00	0.00	0.00	0.00	0.00	16.00	0.00	0.00	0.00	
DEH1_2018	0.00	0.00	0.00	0.00	0.00	0.00	0.00	0.00	0.00	0.00	0.00	0.00	0.00	0.00	0.00	0.00	0.00	0.00	0.00	0.00	0.00	0.00	0.00	0.00	0.00	0.00	14.98	0.00	0.00	0.00	
DEH1_2019	0.00	0.00	0.00	0.00	0.00	0.00	0.00	0.00	0.00	0.00	0.00	0.00	0.00	0.00	0.00	20.92	0.00	0.00	0.00	0.00	0.00	0.00	0.00	0.00	0.00	0.00	18.63	0.00	0.00	0.00	
DEH1_2020	0.00	0.00	0.00	0.00	0.00	0.00	0.00	0.00	0.00	0.00	0.00	0.00	0.00	0.00	0.00	0.00	0.00	0.00	0.00	0.00	0.00	0.00	0.00	0.00	0.00	0.00	25.60	0.00	0.00	0.00	
DEH1_2021	0.00	0.00	0.00	0.00	0.00	0.00	0.00	0.00	0.00	0.00	0.00	0.00	0.00	0.00	0.00	18.63	0.00	0.00	0.00	0.00	0.00	0.00	0.00	0.00	0.00	0.00	16.72	0.00	0.00	0.00	
GAH1_2015	0.00	0.00	0.00	0.00	0.00	0.00	0.00	0.00	0.00	0.00	0.00	0.00	0.00	0.00	0.00	7.72	0.00	0.00	0.00	0.00	0.00	0.00	0.00	0.00	0.00	0.00	9.75	0.00	0.00	0.00	
GAH1_2016	0.00	0.00	0.00	0.00	0.00	0.00	0.00	0.00	0.00	0.00	0.00	0.00	0.00	0.00	0.00	0.00	0.00	0.00	0.00	0.00	0.00	0.00	0.00	0.00	0.00	0.00	5.39	0.00	0.00	0.00	
GAH1_2017	0.00	0.00	0.00	0.00	0.00	0.00	0.00	0.00	0.00	0.00	0.00	0.00	0.00	0.00	0.00	10.87	0.00	0.00	0.00	0.00	0.00	0.00	0.00	0.00	0.00	0.00	13.40	0.00	0.00	0.00	
GAH1_2018	0.00	0.00	0.00	0.00	0.00	0.00	0.00	0.00	0.00	0.00	0.00	0.00	0.00	0.00	0.00	16.92	0.00	0.00	0.00	0.00	0.00	0.00	0.00	0.00	0.00	0.00	14.64	0.00	0.00	0.00	
GAH1_2019	0.00	0.00	0.00	0.00	0.00	0.00	0.00	0.00	0.00	0.00	0.00	0.00	0.00	0.00	0.00	10.21	0.00	0.00	0.00	0.00	0.00	0.00	0.00	0.00	0.00	0.00	15.50	0.00	0.00	0.00	
GAH1_2020	0.00	0.00	0.00	0.00	0.00	0.00	0.00	0.00	0.00	0.00	0.00	0.00	0.00	0.00	0.00	1.88	0.00	0.00	0.00	0.00	0.00	0.00	0.00	0.00	0.00	0.00	12.02	0.00	0.00	0.00	
GAH1_2021	0.00	0.00	0.00	0.00	0.00	0.00	0.00	0.00	0.00	0.00	0.00	0.00	0.00	0.00	0.00	13.69	0.00	0.00	0.00	0.00	0.00	0.00	0.00	0.00	0.00	0.00	10.96	0.00	0.00	0.00	
GAH2_2016	0.00	0.00	0.00	0.00	0.00	0.00	0.00	0.00	0.00	0.00	0.00	0.00	0.00	0.00	0.00	0.00	0.00	0.00	0.00	0.00	0.00	23.65	0.00	0.00	0.00	0.00	0.00	0.00	0.00	0.00	
GAH2_2017	0.00	0.00	0.00	0.00	0.00	0.00	0.00	0.00	0.00	0.00	0.00	0.00	0.00	0.00	0.00	0.00	0.00	0.00	0.00	0.00	0.00	0.00	0.00	0.00	0.00	0.00	25.50	0.00	0.00	0.00	
GAH2_2018	0.00	0.00	0.00	0.00	0.00	0.00	0.00	0.00	0.00	0.00	0.00	0.00	0.00	0.00	0.00	20.04	0.00	0.00	0.00	0.00	0.00	0.00	0.00	0.00	0.00	0.00	17.07	0.00	0.00	0.00	
GAH2_2019	0.00	0.00	0.00	0.00	0.00	0.00	0.00	0.00	0.00	0.00	0.00	0.00	0.00	0.00	0.00	28.14	0.00	0.00	0.00	0.00	0.00	0.00	0.00	0.00	0.00	0.00	18.55	0.00	0.00	0.00	
GAH2_2020	0.00	0.00	0.00	0.00	0.00	0.00	0.00	0.00	0.00	0.00	0.00	0.00	0.00	0.00	0.00	0.00	0.00	0.00	0.00	0.00	0.00	0.00	0.00	0.00	0.00	0.00	20.52	0.00	0.00	0.00	
GAH2_2021	0.00	0.00	0.00	0.00	0.00	0.00	0.00	0.00	0.00	0.00	0.00	0.00	0.00	0.00	0.00	23.29	0.00	0.00	1.64	0.00	0.00	0.00	0.00	0.00	0.00	0.00	12.91	0.00	0.00	0.00	
GEH1_2019	0.00	0.00	0.00	0.00	0.00	0.00	0.00	0.00	0.00	0.00	0.00	0.00	0.00	0.00	0.00	21.59	0.00	0.00	0.00	0.00	0.00	0.00	0.00	0.00	0.00	0.00	28.01	0.00	0.00	0.00	
GEH1_2020	0.00	0.00	0.00	0.00	0.00	0.00	0.00	0.00	0.00	0.00	0.00	0.00	0.00	0.00	0.00	5.90	0.00	0.00	0.00	0.00	0.00	0.00	0.00	0.00	0.00	0.00	21.00	0.00	0.00	0.00	
GEH1_2021	0.00	0.00	0.00	0.00	0.00	0.00	0.00	0.00	0.00	0.00	0.00	0.00	0.00	0.00	0.00	18.68	0.00	0.00	0.00	0.00	0.00	0.00	0.00	0.00	0.00	0.00	28.29	0.00	0.00	0.00	
IAH1_2015	0.00	0.00	0.00	0.00	0.00	0.00	0.00	0.00	0.00	0.00	0.00	0.00	0.00	0.00	0.00	22.16	0.00	0.00	0.00	0.00	0.00	0.00	0.00	0.00	0.00	0.00	21.17	0.00	0.00	0.00	
IAH1_2017	0.00	0.00	0.00	0.00	0.00	0.00	0.00	0.00	0.00	0.00	0.00	0.00	0.00	0.00	0.00	21.91	0.00	0.00	0.00	0.00	0.00	0.00	0.00	0.00	0.00	0.00	21.36	0.00	0.00	0.00	
IAH1_2019	0.00	0.00	0.00	0.00	0.00	0.00	0.00	0.00	0.00	0.00	0.00	0.00	0.00	0.00	0.00	23.55	0.00	0.00	0.00	0.00	0.00	0.00	0.00	0.00	0.00	0.00	23.42	0.00	0.00	0.00	
IAH1_2020	0.00	0.00	0.00	0.00	0.00	0.00	0.00	0.00	0.00	0.00	0.00	0.00	0.00	0.00	0.00	17.07	0.00	0.00	0.00	0.00	0.00	0.00	0.00	0.00	0.00	0.00	20.80	0.00	0.00	0.00	
IAH1_2021	0.00	0.00	0.00	0.00	0.00	0.00	0.00	0.00	0.00	0.00	0.00	0.00	0.00	0.00	0.00	0.00	0.00	0.00	0.00	0.00	0.00	0.00	0.00	0.00	0.00	0.00	27.10	0.00	0.00	0.00	
IAH2_2017	0.00	0.00	0.00	0.00	0.00	0.00	0.00	0.00	0.00	0.00	0.00	0.00	0.00	0.00	0.00	10.49	0.00	0.00	0.00	0.00	0.00	0.00	0.00	0.00	0.00	0.00	18.84	0.00	0.00	0.00	
IAH2_2019	0.00	0.00	0.00	0.00	0.00	0.00	0.00	0.00	0.00	0.00	0.00	0.00	0.00	0.00	0.00	26.95	0.00	0.00	0.00	0.00	0.00	0.00	0.00	0.00	0.00	0.00	28.23	0.00	0.00	0.00	
IAH2_2021	0.00	0.00	0.00	0.00	0.00	0.00	0.00	0.00	0.00	0.00	0.00	0.00	0.00	0.00	0.00	16.89	0.00	0.00	0.00	0.00	0.00	0.00	0.00	0.00	0.00	0.00	17.55	0.00	0.00	0.00	
IAH3_2015	0.00	0.00	0.00	0.00	0.00	0.00	0.00	0.00	0.00	0.00	0.00	0.00	0.00	0.00	0.00	14.91	0.00	0.00	0.00	0.00	0.00	0.00	0.00	0.00	0.00	0.00	17.46	0.00	0.00	0.00	
IAH3_2017	0.00	0.00	0.00	0.00	0.00	0.00	0.00	0.00	0.00	0.00	0.00	0.00	0.00	0.00	0.00	27.03	0.00	0.00	0.00	0.00	0.00	0.00	0.00	0.00	0.00	0.00	25.93	0.00	0.00	0.00	
IAH3_2019	0.00	0.00	0.00	0.00	0.00	0.00	0.00	0.00	0.00	0.00	0.00	0.00	0.00	0.00	0.00	24.44	0.00	0.00	0.00	0.00	0.00	0.00	0.00	0.00	0.00	0.00	27.99	0.00	0.00	0.00	
IAH3_2021	0.00	0.00	0.00	0.00	0.00	0.00	0.00	0.00	0.00	0.00	0.00	0.00	0.00	0.00	0.00	16.38	0.00	0.00	0.00	0.00	0.00	0.00	0.00	0.00	0.00	0.00	17.12	0.00	0.00	0.00	
IAH4_2015	0.00	0.00	0.00	0.00	0.00	0.00	0.00	0.00	0.00	0.00	0.00	0.00	0.00	0.00	0.00	15.21	0.00	0.00	0.00	0.00	0.00	0.00	0.00	0.00	0.00	0.00	15.15	0.00	0.00	0.00	
IAH4_2017	0.00	0.00	0.00	0.00	0.00	0.00	0.00	0.00	0.00	0.00	0.00	0.00	0.00	0.00	0.00	17.30	0.00	0.00	0.00	0.00	0.00	0.00	0.00	0.00	0.00	0.00	19.88	0.00	0.00	0.00	
IAH4_2019	0.00	0.00	0.00	0.00	0.00	0.00	0.00	0.00	0.00	0.00	0.00	0.00	0.00	0.00	0.00	22.11	0.00	0.00	0.00	0.00	0.00	0.00	0.00	0.00	0.00	0.00	23.01	0.00	0.00	0.00	
IAH4_2021	0.00	0.00	0.00	0.00	0.00	0.00	0.00	0.00	0.00	0.00	0.00	0.00	0.00	0.00	0.00	15.33	0.00	0.00	0.00	0.00	0.00	0.00	0.00	0.00	0.00	0.00	15.99	0.00	0.00	0.00	
ILH1_2015	0.00	0.00	0.00	0.00	0.00	0.00	0.00	0.00	0.00	0.00	0.00	0.00	0.00	0.00	0.00	13.16	0.00	0.00	0.00	0.00	0.00	0.00	0.00	0.00	0.00	0.00	15.76	0.00	0.00	0.00	
ILH1_2016	0.00	0.00	0.00	0.00	0.00	0.00	0.00	0.00	0.00	0.00	0.00	0.00	0.00	0.00	0.00	13.52	0.00	0.00	0.00	0.00	0.00	0.00	0.00	0.00	0.00	0.00	17.51	0.00	0.00	0.00	
ILH1_2018	0.00	0.00	0.00	0.00	0.00	0.00	0.00	0.00	0.00	0.00	0.00	0.00	0.00	0.00	0.00	22.24	0.00	0.00	0.00	0.00	0.00	0.00	0.00	0.00	0.00	0.00	18.79	0.00	0.00	0.00	
ILH1_2019	0.00	0.00	0.00	0.00	0.00	0.00	0.00	0.00	0.00	0.00	0.00	0.00	0.00	0.00	0.00	28.46	0.00	0.00	0.00	0.00	0.00	0.00	0.00	0.00	0.00	0.00	26.88	0.00	0.00	0.00	
INH1_2015	0.00	0.00	0.00	0.00	0.00	0.00	0.00	0.00	0.00	0.00	0.00	0.00	0.00	0.00	0.00	10.94	0.00	0.00	0.00	0.00	0.00	0.00	0.00	0.00	0.00	0.00	15.43	0.00	0.00	0.00	
INH1_2016	0.00	0.00	0.00	0.00	0.00	0.00	0.00	0.00	0.00	0.00	0.00	0.00	0.00	0.00	0.00	0.00	0.00	0.00	0.00	0.00	0.00	0.00	0.00	0.00	0.00	0.00	18.18	0.00	0.00	0.00	
INH1_2018	0.00	0.00	0.00	0.00	0.00	0.00	0.00	0.00	0.00	0.00	0.00	0.00	0.00	0.00	0.00	20.65	0.00	0.00	0.00	0.00	0.00	0.00	0.00	0.00	0.00	0.00	18.19	0.00	0.00	0.00	
INH1_2019	0.00	0.00	0.00	0.00	0.00	0.00	0.00	0.00	0.00	0.00	0.00	0.00	0.00	0.00	0.00	30.95	0.00	0.00	0.00	0.00	0.00	0.00	0.00	0.00	0.00	0.00	27.55	0.00	0.00	0.00	
INH1_2020	0.00	0.00	0.00	0.00	0.00	0.00	0.00	0.00	0.00	0.00	0.00	0.00	0.00	0.00	0.00	20.38	0.00	0.00	0.00	0.00	0.00	0.00	0.00	0.00	0.00	0.00	22.41	0.00	0.00	0.00	
INH1_2021	0.00	0.00	0.00	0.00	0.00	0.00	0.00	0.00	0.00	0.00	0.00	0.00	0.00	0.00	0.00	17.26	0.00	0.00	0.00	0.00	0.00	0.00	0.00	0.00	0.00	0.00	16.37	0.00	0.00	0.00	
KSH1_2015	0.00	0.00	0.00	0.00	0.00	0.00	0.00	0.00	0.00	0.00	0.00	0.00	0.00	0.00	0.00	0.00	0.00	0.00	0.00	0.00	0.00	12.45	0.00	0.00	0.00	0.00	0.00	0.00	0.00	0.00	
KSH1_2016	0.00	0.00	0.00	0.00	0.00	0.00	0.00	0.00	0.00	0.00	0.00	0.00	0.00	0.00	0.00	0.00	0.00	0.00	0.00	0.00	0.00	0.00	0.00	0.00	0.00	0.00	9.43	0.00	0.00	0.00	
KSH1_2018	0.00	0.00	0.00	0.00	0.00	0.00	0.00	0.00	0.00	0.00	0.00	0.00	0.00	0.00	0.00	12.64	0.00	0.00	0.00	0.00	0.00	0.00	0.00	0.00	0.00	0.00	16.58	0.00	0.00	0.00	
MIH1_2016	0.00	0.00	0.00	0.00	0.00	0.00	0.00	0.00	0.00	0.00	0.00	0.00	0.00	0.00	0.00	3.73	0.00	0.00	0.00	0.00	0.00	0.00	0.00	0.00	0.00	0.00	21.05	0.00	0.00	0.00	
MIH1_2017	0.00	0.00	0.00	0.00	0.00	0.00	0.00	0.00	0.00	0.00	0.00	0.00	0.00	0.00	0.00	10.50	0.00	0.00	0.00	0.00	0.00	0.00	0.00	0.00	0.00	0.00	20.59	0.00	0.00	0.00	
MIH1_2018	0.00	0.00	0.00	0.00	0.00	0.00	0.00	0.00	0.00	0.00	0.00	0.00	0.00	0.00	0.00	14.87	0.00	0.00	0.00	0.00	0.00	0.00	0.00	0.00	0.00	0.00	19.48	0.00	0.00	0.00	
MIH1_2019	0.00	0.00	0.00	0.00	0.00	0.00	0.00	0.00	0.00	0.00	0.00	0.00	0.00	0.00	0.00	13.78	0.00	0.00	0.00	0.00	0.00	0.00	0.00	0.00	0.00	0.00	22.95	0.00	0.00	0.00	
MIH1_2020	0.00	0.00	0.00	0.00	0.00	0.00	0.00	0.00	0.00	0.00	0.00	0.00	0.00	0.00	0.00	0.00	0.00	0.00	0.00	0.00	0.00	0.00	0.00	0.00	0.00	0.00	18.13	0.00	0.00	0.00	
MIH1_2021	0.00	0.00	0.00	0.00	0.00	0.00	0.00	0.00	0.00	0.00	0.00	0.00	0.00	0.00	0.00	24.25	0.00	0.00	0.00	0.00	0.00	0.00	0.00	0.00	0.00	0.00	17.53	0.00	0.00	0.00	
MNH1_2015	0.00	0.00	0.00	0.00	0.00	0.00	0.00	0.00	0.00	0.00	0.00	0.00	0.00	0.00	0.00	0.00	0.00	0.00	0.00	0.00	0.00	0.00	0.00	0.00	0.00	0.00	33.29	0.00	0.00	0.00	
MNH1_2016	0.00	0.00	0.00	0.00	0.00	0.00	0.00	0.00	0.00	0.00	0.00	0.00	0.00	0.00	0.00	0.90	0.00	0.00	0.00	0.00	0.00	0.00	0.00	0.00	0.00	0.00	29.99	0.00	0.00	0.00	
MNH1_2018	0.00	0.00	0.00	0.00	0.00	0.00	0.00	0.00	0.00	0.00	0.00	0.00	0.00	0.00	0.00	0.00	0.00	0.00	0.00	0.00	0.00	0.00	0.00	0.00	0.00	0.00	20.77	0.00	0.00	0.00	
MNH1_2019	0.00	0.00	0.00	0.00	0.00	0.00	0.00	0.00	0.00	0.00	0.00	0.00	0.00	0.00	0.00	0.00	0.00	0.00	0.00	0.00	0.00	0.00	0.00	0.00	0.00	0.00	28.47	0.00	0.00	0.00	
MNH1_2020	0.00	0.00	0.00	0.00	0.00	0.00	0.00	0.00	0.00	0.00	0.00	0.00	0.00	0.00	0.00	12.81	0.00	0.00	0.00	0.00	0.00	0.00	0.00	0.00	0.00	0.00	21.92	0.00	0.00	0.00	
MNH1_2021	0.00	0.00	0.00	0.00	0.00	0.00	0.00	0.00	0.00	0.00	0.00	0.00	0.00	0.00	0.00	15.52	0.00	0.00	0.00	0.00	0.00	0.00	0.00	0.00	0.00	0.00	18.32	0.00	0.00	0.00	
MOH1_2015	0.00	0.00	0.00	0.00	0.00	0.00	0.00	0.00	0.00	0.00	0.00	0.00	0.00	0.00	0.00	0.00	0.00	0.00	0.00	0.00	0.00	2.94	0.00	0.00	0.00	0.00	7.40	0.00	0.00	0.00	
MOH1_2016	0.00	0.00	0.00	0.00	0.00	0.00	0.00	0.00	0.00	0.00	0.00	0.00	0.00	0.00	0.00	0.00	0.00	0.00	0.00	0.00	0.00	0.00	0.00	0.00	0.00	0.00	6.44	0.00	0.00	0.00	
MOH1_2017	0.00	0.00	0.00	0.00	0.00	0.00	0.00	0.00	0.00	0.00	0.00	0.00	0.00	0.00	0.00	11.90	0.00	0.00	0.00	0.00	0.00	0.00	0.00	0.00	0.00	0.00	14.08	0.00	0.00	0.00	
MOH1_2019	0.00	0.00	0.00	0.00	0.00	0.00	0.00	0.00	0.00	0.00	0.00	0.00	0.00	0.00	0.00	0.00	0.00	0.00	0.00	0.00	0.00	0.00	0.00	0.00	0.00	0.00	19.84	0.00	0.00	0.00	
MOH1_1_2020	0.00	0.00	0.00	0.00	0.00	0.00	0.00	0.00	0.00	0.00	0.00	0.00	0.00	0.00	0.00	0.00	0.00	0.00	0.00	0.00	0.00	0.00	0.00	0.00	0.00	0.00	20.91	0.00	0.00	0.00	
MOH1_2_2020	0.00	0.00	0.00	0.00	0.00	0.00	0.00	0.00	0.00	0.00	0.00	0.00	0.00	0.00	0.00	0.00	0.00	0.00	0.00	0.00	0.00	0.00	0.00	0.00	0.00	0.00	20.91	0.00	0.00	0.00	
MOH1_1_2018	0.00	0.00	0.00	0.00	0.00	0.00	0.00	0.00	0.00	0.00	0.00	0.00	0.00	0.00	0.00	0.00	0.00	0.00	0.00	0.00	0.00	0.00	0.00	0.00	0.00	0.00	22.65	0.00	0.00	0.00	
MOH1_2_2018	0.00	0.00	0.00	0.00	0.00	0.00	0.00	0.00	0.00	0.00	0.00	0.00	0.00	0.00	0.00	0.00	0.00	0.00	0.00	0.00	0.00	0.00	0.00	0.00	0.00	0.00	22.65	0.00	0.00	0.00	
MOH2_2015	0.00	0.00	0.00	0.00	0.00	0.00	0.00	0.00	0.00	0.00	0.00	0.00	0.00	0.00	0.00	0.00	0.00	0.00	0.00	0.00	0.00	2.94	0.00	0.00	0.00	0.00	7.40	0.00	0.00	0.00	
NCH1_2015	0.00	0.00	0.00	0.00	0.00	0.00	0.00	0.00	0.00	0.00	0.00	0.00	0.00	0.00	0.00	15.63	0.00	0.00	0.00	0.00	0.00	0.00	0.00	0.00	0.00	0.00	14.61	0.00	0.00	0.00	
NCH1_2016	0.00	0.00	0.00	0.00	0.00	0.00	0.00	0.00	0.00	0.00	0.00	0.00	0.00	0.00	0.00	3.12	0.00	0.00	0.00	0.00	0.00	0.00	0.00	0.00	0.00	0.00	15.43	0.00	0.00	0.00	
NCH1_2017	0.00	0.00	0.00	0.00	0.00	0.00	0.00	0.00	0.00	0.00	0.00	0.00	0.00	0.00	0.00	12.53	0.00	0.00	0.00	0.00	0.00	0.25	0.00	0.00	0.00	0.00	11.75	0.00	0.00	0.00	
NCH1_2018	0.00	0.00	0.00	0.00	0.00	0.00	0.00	0.00	0.00	0.00	0.00	0.00	0.00	0.00	0.00	19.75	0.00	0.00	0.00	0.00	0.00	0.00	0.00	0.00	0.00	0.00	13.35	0.00	0.00	0.00	
NCH1_2019	0.00	0.00	0.00	0.00	0.00	0.00	0.00	0.00	0.00	0.00	0.00	0.00	0.00	0.00	0.00	15.18	0.00	0.00	0.00	0.00	0.00	0.00	0.00	0.00	0.00	0.00	14.28	0.00	0.00	0.00	
NCH1_2020	0.00	0.00	0.00	0.00	0.00	0.00	0.00	0.00	0.00	0.00	0.00	0.00	0.00	0.00	0.00	0.00	0.00	0.00	0.00	0.00	0.00	0.00	0.00	0.00	0.00	0.00	4.32	0.00	0.00	0.00	
NCH1_2021	0.00	0.00	0.00	0.00	0.00	0.00	0.00	0.00	0.00	0.00	0.00	0.00	0.00	0.00	0.00	0.00	0.00	0.00	0.00	0.00	0.00	0.00	0.00	0.00	0.00	0.00	18.73	0.00	0.00	0.00	
NEH1_2015	0.00	0.00	0.00	0.00	0.00	0.00	0.00	0.00	0.00	0.00	0.00	0.00	0.00	0.00	0.00	0.00	0.00	0.00	0.00	0.00	0.00	0.70	0.00	0.00	0.00	0.00	11.84	0.00	0.00	0.00	
NEH1_2019	0.00	0.00	0.00	0.00	0.00	0.00	0.00	0.00	0.00	0.00	0.00	0.00	0.00	0.00	0.00	17.91	0.00	0.00	0.00	0.00	0.00	0.00	0.00	0.00	0.00	0.00	20.31	0.00	0.00	0.00	
NEH1_2020	0.00	0.00	0.00	0.00	0.00	0.00	0.00	0.00	0.00	0.00	0.00	0.00	0.00	0.00	0.00	0.00	0.00	0.00	0.00	0.00	0.00	0.00	0.00	0.00	0.00	0.00	17.89	0.00	0.00	0.00	
NEH1_2021	0.00	0.00	0.00	0.00	0.00	0.00	0.00	0.00	0.00	0.00	0.00	0.00	0.00	0.00	0.00	7.96	0.00	0.00	0.00	0.00	0.00	0.00	0.00	0.00	0.00	0.00	17.47	0.00	0.00	0.00	
NEH2_2015	0.00	0.00	0.00	0.00	0.00	0.00	0.00	0.00	0.00	0.00	0.00	0.00	0.00	0.00	0.00	0.00	0.00	0.00	0.00	0.00	0.00	0.00	0.00	0.00	0.00	0.00	16.46	0.00	0.00	0.00	
NEH2_2018	0.00	0.00	0.00	0.00	0.00	0.00	0.00	0.00	0.00	0.00	0.00	0.00	0.00	0.00	0.00	21.97	0.00	0.00	0.00	0.00	0.00	0.00	0.00	0.00	0.00	0.00	20.98	0.00	0.00	0.00	
NEH2_2021	0.00	0.00	0.00	0.00	0.00	0.00	0.00	0.00	0.00	0.00	0.00	0.00	0.00	0.00	0.00	19.10	0.00	0.00	0.00	0.00	0.00	0.00	0.00	0.00	0.00	0.00	19.32	0.00	0.00	0.00	
NEH3_2015	0.00	0.00	0.00	0.00	0.00	0.00	0.00	0.00	0.00	0.00	0.00	0.00	0.00	0.00	0.00	0.00	0.00	0.00	0.00	0.00	0.00	0.00	0.00	0.00	0.00	0.00	16.67	0.00	0.00	0.00	
NEH3_2017	0.00	0.00	0.00	0.00	0.00	0.00	0.00	0.00	0.00	0.00	0.00	0.00	0.00	0.00	0.00	0.00	0.00	0.00	0.00	0.00	0.00	0.00	0.00	0.00	0.00	0.00	0.00	0.00	0.00	0.00	
NEH3_2021	0.00	0.00	0.00	0.00	0.00	0.00	0.00	0.00	0.00	0.00	0.00	0.00	0.00	0.00	0.00	19.10	0.00	0.00	0.00	0.00	0.00	0.00	0.00	0.00	0.00	0.00	19.32	0.00	0.00	0.00	
NEH4_2015	0.00	0.00	0.00	0.00	0.00	0.00	0.00	0.00	0.00	0.00	0.00	0.00	0.00	0.00	0.00	0.00	0.00	0.00	0.00	0.00	0.00	0.70	0.00	0.00	0.00	0.00	11.84	0.00	0.00	0.00	
NEH4_2017	0.00	0.00	0.00	0.00	0.00	0.00	0.00	0.00	0.00	0.00	0.00	0.00	0.00	0.00	0.00	0.00	0.00	0.00	0.00	0.00	0.00	0.00	0.00	0.00	0.00	0.00	0.00	0.00	0.00	0.00	
NYH1_2017	0.00	0.00	0.00	0.00	0.00	0.00	0.00	0.00	0.00	0.00	0.00	0.00	0.00	0.00	0.00	14.10	0.00	0.00	0.00	0.00	0.00	0.00	0.00	0.00	0.00	0.00	13.58	0.00	0.00	0.00	
NYH1_2018	0.00	0.00	0.00	0.00	0.00	0.00	0.00	0.00	0.00	0.00	0.00	0.00	0.00	0.00	0.00	12.74	0.00	0.00	0.00	0.00	0.00	1.54	0.00	0.00	0.00	0.00	14.43	0.00	0.00	0.00	
NYH1_2019	0.00	0.00	0.00	0.00	0.00	0.00	0.00	0.00	0.00	0.00	0.00	0.00	0.00	0.00	0.00	24.39	0.00	0.00	0.00	0.00	0.00	0.00	0.00	0.00	0.00	0.00	20.85	0.00	0.00	0.00	
NYH2_2015	0.00	0.00	0.00	0.00	0.00	0.00	0.00	0.00	0.00	0.00	0.00	0.00	0.00	0.00	0.00	0.00	0.00	0.00	0.00	0.00	0.00	0.00	0.00	0.00	0.00	0.00	15.69	0.00	0.00	0.00	
NYH2_2016	0.00	0.00	0.00	0.00	0.00	0.00	0.00	0.00	0.00	0.00	0.00	0.00	0.00	0.00	0.00	0.00	0.00	0.00	0.00	0.00	0.00	0.00	0.00	0.00	0.00	0.00	6.23	0.00	0.00	0.00	
NYH2_2017	0.00	0.00	0.00	0.00	0.00	0.00	0.00	0.00	0.00	0.00	0.00	0.00	0.00	0.00	0.00	14.10	0.00	0.00	0.00	0.00	0.00	0.00	0.00	0.00	0.00	0.00	13.58	0.00	0.00	0.00	
NYH2_2018	0.00	0.00	0.00	0.00	0.00	0.00	0.00	0.00	0.00	0.00	0.00	0.00	0.00	0.00	0.00	12.74	0.00	0.00	0.00	0.00	0.00	1.54	0.00	0.00	0.00	0.00	14.43	0.00	0.00	0.00	
NYH2_2019	0.00	0.00	0.00	0.00	0.00	0.00	0.00	0.00	0.00	0.00	0.00	0.00	0.00	0.00	0.00	24.39	0.00	0.00	0.00	0.00	0.00	0.00	0.00	0.00	0.00	0.00	20.85	0.00	0.00	0.00	
NYH2_2020	0.00	0.00	0.00	0.00	0.00	0.00	0.00	0.00	0.00	0.00	0.00	0.00	0.00	0.00	0.00	15.39	0.00	0.00	0.00	0.00	0.00	0.35	0.00	0.00	0.00	0.00	15.91	0.00	0.00	0.00	
NYH2_2021	0.00	0.00	0.00	0.00	0.00	0.00	0.00	0.00	0.00	0.00	0.00	0.00	0.00	0.00	0.00	21.81	0.00	0.00	0.00	0.00	0.00	0.00	0.00	0.00	0.00	0.00	14.77	0.00	0.00	0.00	
NYH3_2015	0.00	0.00	0.00	0.00	0.00	0.00	0.00	0.00	0.00	0.00	0.00	0.00	0.00	0.00	0.00	0.00	0.00	0.00	0.00	0.00	0.00	0.00	0.00	0.00	0.00	0.00	15.69	0.00	0.00	0.00	
NYH3_2017	0.00	0.00	0.00	0.00	0.00	0.00	0.00	0.00	0.00	0.00	0.00	0.00	0.00	0.00	0.00	14.10	0.00	0.00	0.00	0.00	0.00	0.00	0.00	0.00	0.00	0.00	13.58	0.00	0.00	0.00	
NYH3_2018	0.00	0.00	0.00	0.00	0.00	0.00	0.00	0.00	0.00	0.00	0.00	0.00	0.00	0.00	0.00	12.74	0.00	0.00	0.00	0.00	0.00	1.54	0.00	0.00	0.00	0.00	14.43	0.00	0.00	0.00	
NYH3_2019	0.00	0.00	0.00	0.00	0.00	0.00	0.00	0.00	0.00	0.00	0.00	0.00	0.00	0.00	0.00	24.39	0.00	0.00	0.00	0.00	0.00	0.00	0.00	0.00	0.00	0.00	20.85	0.00	0.00	0.00	
NYH3_2020	0.00	0.00	0.00	0.00	0.00	0.00	0.00	0.00	0.00	0.00	0.00	0.00	0.00	0.00	0.00	15.39	0.00	0.00	0.00	0.00	0.00	0.35	0.00	0.00	0.00	0.00	15.91	0.00	0.00	0.00	
NYH3_2021	0.00	0.00	0.00	0.00	0.00	0.00	0.00	0.00	0.00	0.00	0.00	0.00	0.00	0.00	0.00	21.81	0.00	0.00	0.00	0.00	0.00	0.00	0.00	0.00	0.00	0.00	14.77	0.00	0.00	0.00	
NYS1_2020	0.00	0.00	0.00	0.00	0.00	0.00	0.00	0.00	0.00	0.00	0.00	0.00	0.00	0.00	0.00	15.39	0.00	0.00	0.00	0.00	0.00	0.35	0.00	0.00	0.00	0.00	15.91	0.00	0.00	0.00	
OHH1_2015	0.00	0.00	0.00	0.00	0.00	0.00	0.00	0.00	0.00	0.00	0.00	0.00	0.00	0.00	0.00	14.20	0.00	0.00	0.00	0.00	0.00	0.00	0.00	0.00	0.00	0.00	15.74	0.00	0.00	0.00	
OHH1_2016	0.00	0.00	0.00	0.00	0.00	0.00	0.00	0.00	0.00	0.00	0.00	0.00	0.00	0.00	0.00	6.58	0.00	0.00	0.00	0.00	0.00	0.00	0.00	0.00	0.00	0.00	19.06	0.00	0.00	0.00	
OHH1_2017	0.00	0.00	0.00	0.00	0.00	0.00	0.00	0.00	0.00	0.00	0.00	0.00	0.00	0.00	0.00	15.53	0.00	0.00	0.00	0.00	0.00	0.00	0.00	0.00	0.00	0.00	14.69	0.00	0.00	0.00	
OHH1_2018	0.00	0.00	0.00	0.00	0.00	0.00	0.00	0.00	0.00	0.00	0.00	0.00	0.00	0.00	0.00	20.93	0.00	0.00	0.00	0.00	0.00	0.00	0.00	0.00	0.00	0.00	18.57	0.00	0.00	0.00	
OHH1_2019	0.00	0.00	0.00	0.00	0.00	0.00	0.00	0.00	0.00	0.00	0.00	0.00	0.00	0.00	0.00	24.21	0.00	0.00	0.00	0.00	0.00	0.00	0.00	0.00	0.00	0.00	22.11	0.00	0.00	0.00	
OHH1_2020	0.00	0.00	0.00	0.00	0.00	0.00	0.00	0.00	0.00	0.00	0.00	0.00	0.00	0.00	0.00	23.88	0.00	0.00	0.00	0.00	0.00	0.00	0.00	0.00	0.00	0.00	24.57	0.00	0.00	0.00	
ONH1_2015	0.00	0.00	0.00	0.00	0.00	0.00	0.00	0.00	0.00	0.00	0.00	0.00	0.00	0.00	0.00	21.16	0.00	0.00	0.00	0.00	0.00	0.00	0.00	0.00	0.00	0.00	23.11	0.00	0.00	0.00	
ONH1_2016	0.00	0.00	0.00	0.00	0.00	0.00	0.00	0.00	0.00	0.00	0.00	0.00	0.00	0.00	0.00	17.85	0.00	0.00	0.00	0.00	0.00	0.00	0.00	0.00	0.00	0.00	22.66	0.00	0.00	0.00	
ONH1_2017	0.00	0.00	0.00	0.00	0.00	0.00	0.00	0.00	0.00	0.00	0.00	0.00	0.00	0.00	0.00	18.26	0.00	0.00	0.00	0.00	0.00	0.00	0.00	0.00	0.00	0.00	22.72	0.00	0.00	0.00	
ONH2_2015	0.00	0.00	0.00	0.00	0.00	0.00	0.00	0.00	0.00	0.00	0.00	0.00	0.00	0.00	0.00	20.74	0.00	0.00	0.00	0.00	0.00	0.00	0.00	0.00	0.00	0.00	22.75	0.00	0.00	0.00	
ONH2_2016	0.00	0.00	0.00	0.00	0.00	0.00	0.00	0.00	0.00	0.00	0.00	0.00	0.00	0.00	0.00	7.60	0.00	0.00	0.00	0.00	0.00	0.00	0.00	0.00	0.00	0.00	17.64	0.00	0.00	0.00	
ONH2_2017	0.00	0.00	0.00	0.00	0.00	0.00	0.00	0.00	0.00	0.00	0.00	0.00	0.00	0.00	0.00	0.00	0.00	0.00	0.00	0.00	0.00	21.90	0.00	0.00	0.00	0.00	0.00	0.00	0.00	0.00	
ONH2_2019	0.00	0.00	0.00	0.00	0.00	0.00	0.00	0.00	0.00	0.00	0.00	0.00	0.00	0.00	0.00	0.00	0.00	0.00	0.00	0.00	0.00	0.00	0.00	0.00	0.00	0.00	26.46	0.00	0.00	0.00	
SCH1_2018	0.00	0.00	0.00	0.00	0.00	0.00	0.00	0.00	0.00	0.00	0.00	0.00	0.00	0.00	0.00	0.00	0.00	0.00	0.00	0.00	0.00	0.00	0.00	0.00	0.00	0.00	12.53	0.00	0.00	0.00	
SCH1_2019	0.00	0.00	0.00	0.00	0.00	0.00	0.00	0.00	0.00	0.00	0.00	0.00	0.00	0.00	0.00	0.00	0.00	0.00	0.00	0.00	0.00	31.61	0.00	0.00	0.00	0.00	0.00	0.00	0.00	0.00	
SCH1_2020	0.00	0.00	0.00	0.00	0.00	0.00	0.00	0.00	0.00	0.00	0.00	0.00	0.00	0.00	0.00	0.00	0.00	0.00	0.00	0.00	0.00	28.36	0.00	0.00	0.00	0.00	0.00	0.00	0.00	0.00	
SCH1_2021	0.00	0.00	0.00	0.00	0.00	0.00	0.00	0.00	0.00	0.00	0.00	0.00	0.00	0.00	0.00	0.00	0.00	0.00	0.00	0.00	0.00	0.00	0.00	0.00	0.00	0.00	9.49	0.00	0.00	0.00	
SDH1_2015	0.00	0.00	0.00	0.00	0.00	0.00	0.00	0.00	0.00	0.00	0.00	0.00	0.00	0.00	0.00	0.00	0.00	0.00	0.00	0.00	0.00	0.00	0.00	0.00	0.00	0.00	0.00	0.00	0.00	0.00	
TXH1_2015	0.00	0.00	0.00	0.00	0.00	0.00	0.00	0.00	0.00	0.00	0.00	0.00	0.00	0.00	0.00	5.86	0.00	0.00	0.00	0.00	0.00	0.00	0.00	0.00	0.00	0.00	12.97	0.00	0.00	0.00	
TXH1_2016	0.00	0.00	0.00	0.00	0.00	0.00	0.00	0.00	0.00	0.00	0.00	0.00	0.00	0.00	0.00	0.00	0.00	0.00	0.00	0.00	0.00	0.00	0.00	0.00	0.00	0.00	7.36	0.00	0.00	0.00	
TXH1_2019	0.00	0.00	0.00	0.00	0.00	0.00	0.00	0.00	0.00	0.00	0.00	0.00	0.00	0.00	0.00	13.19	0.00	0.00	0.00	0.00	0.00	0.00	0.00	0.00	0.00	0.00	15.77	0.00	0.00	0.00	
TXH1_2020	0.00	0.00	0.00	0.00	0.00	0.00	0.00	0.00	0.00	0.00	0.00	0.00	0.00	0.00	0.00	5.81	0.00	0.00	0.00	0.00	0.00	0.00	0.00	0.00	0.00	0.00	11.58	0.00	0.00	0.00	
TXH1_2021	0.00	0.00	0.00	0.00	0.00	0.00	0.00	0.00	0.00	0.00	0.00	0.00	0.00	0.00	0.00	4.68	0.00	0.00	0.00	0.00	0.00	0.00	0.00	0.00	0.00	0.00	6.95	0.00	0.00	0.00	
TXH1-Dry_2018	0.00	0.00	0.00	0.00	0.00	0.00	0.00	0.00	0.00	0.00	0.00	0.00	0.00	0.00	0.00	9.92	0.00	0.00	0.00	0.00	0.00	0.00	0.00	0.00	0.00	0.00	9.81	0.00	0.00	0.00	
TXH1-Early_2018	0.00	0.00	0.00	0.00	0.00	0.00	0.00	0.00	0.00	0.00	0.00	0.00	0.00	0.00	0.00	9.92	0.00	0.00	0.00	0.00	0.00	0.00	0.00	0.00	0.00	0.00	9.81	0.00	0.00	0.00	
TXH1-Late_2018	0.00	0.00	0.00	0.00	0.00	0.00	0.00	0.00	0.00	0.00	0.00	0.00	0.00	0.00	0.00	9.92	0.00	0.00	0.00	0.00	0.00	0.00	0.00	0.00	0.00	0.00	9.81	0.00	0.00	0.00	
TXH2_2019	0.00	0.00	0.00	0.00	0.00	0.00	0.00	0.00	0.00	0.00	0.00	0.00	0.00	0.00	0.00	13.19	0.00	0.00	0.00	0.00	0.00	0.00	0.00	0.00	0.00	0.00	15.77	0.00	0.00	0.00	
TXH2_2020	0.00	0.00	0.00	0.00	0.00	0.00	0.00	0.00	0.00	0.00	0.00	0.00	0.00	0.00	0.00	5.81	0.00	0.00	0.00	0.00	0.00	0.00	0.00	0.00	0.00	0.00	11.58	0.00	0.00	0.00	
TXH2_2021	0.00	0.00	0.00	0.00	0.00	0.00	0.00	0.00	0.00	0.00	0.00	0.00	0.00	0.00	0.00	4.68	0.00	0.00	0.00	0.00	0.00	0.00	0.00	0.00	0.00	0.00	6.95	0.00	0.00	0.00	
TXH3_2019	0.00	0.00	0.00	0.00	0.00	0.00	0.00	0.00	0.00	0.00	0.00	0.00	0.00	0.00	0.00	13.19	0.00	0.00	0.00	0.00	0.00	0.00	0.00	0.00	0.00	0.00	15.77	0.00	0.00	0.00	
TXH3_2020	0.00	0.00	0.00	0.00	0.00	0.00	0.00	0.00	0.00	0.00	0.00	0.00	0.00	0.00	0.00	5.81	0.00	0.00	0.00	0.00	0.00	0.00	0.00	0.00	0.00	0.00	11.58	0.00	0.00	0.00	
TXH3_2021	0.00	0.00	0.00	0.00	0.00	0.00	0.00	0.00	0.00	0.00	0.00	0.00	0.00	0.00	0.00	4.68	0.00	0.00	0.00	0.00	0.00	0.00	0.00	0.00	0.00	0.00	6.95	0.00	0.00	0.00	
WIH1_2015	0.00	0.00	0.00	0.00	0.00	0.00	0.00	0.00	0.00	0.00	0.00	0.00	0.00	0.00	0.00	9.91	0.00	0.00	0.00	0.00	0.00	0.00	0.00	0.00	0.00	0.00	20.32	0.00	0.00	0.00	
WIH1_2016	0.00	0.00	0.00	0.00	0.00	0.00	0.00	0.00	0.00	0.00	0.00	0.00	0.00	0.00	0.00	3.53	0.00	0.00	0.00	0.00	0.00	0.00	0.00	0.00	0.00	0.00	25.72	0.00	0.00	0.00	
WIH1_2017	0.00	0.00	0.00	0.00	0.00	0.00	0.00	0.00	0.00	0.00	0.00	0.00	0.00	0.00	0.00	18.95	0.00	0.00	0.00	0.00	0.00	0.00	0.00	0.00	0.00	0.00	23.35	0.00	0.00	0.00	
WIH1_2018	0.00	0.00	0.00	0.00	0.00	0.00	0.00	0.00	0.00	0.00	0.00	0.00	0.00	0.00	0.00	17.41	0.00	0.00	0.00	0.00	0.00	0.00	0.00	0.00	0.00	0.00	22.63	0.00	0.00	0.00	
WIH1_2019	0.00	0.00	0.00	0.00	0.00	0.00	0.00	0.00	0.00	0.00	0.00	0.00	0.00	0.00	0.00	24.09	0.00	0.00	0.00	0.00	0.00	0.00	0.00	0.00	0.00	0.00	26.11	0.00	0.00	0.00	
WIH1_2020	0.00	0.00	0.00	0.00	0.00	0.00	0.00	0.00	0.00	0.00	0.00	0.00	0.00	0.00	0.00	16.03	0.00	0.00	0.00	0.00	0.00	0.00	0.00	0.00	0.00	0.00	23.39	0.00	0.00	0.00	
WIH1_2021	0.00	0.00	0.00	0.00	0.00	0.00	0.00	0.00	0.00	0.00	0.00	0.00	0.00	0.00	0.00	25.24	0.00	0.00	0.00	0.00	0.00	0.00	0.00	0.00	0.00	0.00	20.70	0.00	0.00	0.00	
WIH2_2015	0.00	0.00	0.00	0.00	0.00	0.00	0.00	0.00	0.00	0.00	0.00	0.00	0.00	0.00	0.00	8.12	0.00	0.00	0.00	0.00	0.00	0.00	0.00	0.00	0.00	0.00	21.24	0.00	0.00	0.00	
WIH2_2016	0.00	0.00	0.00	0.00	0.00	0.00	0.00	0.00	0.00	0.00	0.00	0.00	0.00	0.00	0.00	0.00	0.00	0.00	0.00	0.00	0.00	0.00	0.00	0.00	0.00	0.00	25.52	0.00	0.00	0.00	
WIH2_2017	0.00	0.00	0.00	0.00	0.00	0.00	0.00	0.00	0.00	0.00	0.00	0.00	0.00	0.00	0.00	16.11	0.00	0.00	0.00	0.00	0.00	0.00	0.00	0.00	0.00	0.00	23.25	0.00	0.00	0.00	
WIH2_2018	0.00	0.00	0.00	0.00	0.00	0.00	0.00	0.00	0.00	0.00	0.00	0.00	0.00	0.00	0.00	0.00	0.00	0.00	0.00	0.00	0.00	0.00	0.00	0.00	0.00	0.00	24.62	0.00	0.00	0.00	
WIH2_2019	0.00	0.00	0.00	0.00	0.00	0.00	0.00	0.00	0.00	0.00	0.00	0.00	0.00	0.00	0.00	0.00	0.00	0.00	0.00	0.00	0.00	0.00	0.00	0.00	0.00	0.00	25.28	0.00	0.00	0.00	
WIH2_2020	0.00	0.00	0.00	0.00	0.00	0.00	0.00	0.00	0.00	0.00	0.00	0.00	0.00	0.00	0.00	14.49	0.00	0.00	0.00	0.00	0.00	0.00	0.00	0.00	0.00	0.00	22.50	0.00	0.00	0.00	
WIH2_2021	0.00	0.00	0.00	0.00	0.00	0.00	0.00	0.00	0.00	0.00	0.00	0.00	0.00	0.00	0.00	22.99	0.00	0.00	0.00	0.00	0.00	0.00	0.00	0.00	0.00	0.00	18.99	0.00	0.00	0.00	
WIH3_2020	0.00	0.00	0.00	0.00	0.00	0.00	0.00	0.00	0.00	0.00	0.00	0.00	0.00	0.00	0.00	15.82	0.00	0.00	0.00	0.00	0.00	0.00	0.00	0.00	0.00	0.00	23.32	0.00	0.00	0.00	
WIH3_2021	0.00	0.00	0.00	0.00	0.00	0.00	0.00	0.00	0.00	0.00	0.00	0.00	0.00	0.00	0.00	15.23	0.00	0.00	0.00	0.00	0.00	0.00	0.00	0.00	0.00	0.00	17.61	0.00	0.00	0.00	
TXH1-Early_2017	0.00	0.00	0.00	0.00	0.00	0.00	0.00	0.00	0.00	0.00	0.00	0.00	0.00	0.00	0.00	3.90	0.00	0.00	0.00	0.00	0.00	0.00	0.00	0.00	0.00	0.00	29.23	0.00	0.00	0.00	
TXH1-Late_2017	0.00	0.00	0.00	0.00	0.00	0.00	0.00	0.00	0.00	0.00	0.00	0.00	0.00	0.00	0.00	3.90	0.00	0.00	0.00	0.00	0.00	0.00	0.00	0.00	0.00	0.00	29.23	0.00	0.00	0.00	
IAH1_2016	0.00	0.00	0.00	0.00	0.00	0.00	0.00	0.00	0.00	0.00	0.00	0.00	0.00	0.00	0.00	8.01	0.00	0.00	0.00	0.00	0.00	0.00	0.00	0.00	0.00	0.00	17.48	0.00	0.00	0.00	
IAH1_2018	0.00	0.00	0.00	0.00	0.00	0.00	0.00	0.00	0.00	0.00	0.00	0.00	0.00	0.00	0.00	18.29	0.00	0.00	0.00	0.00	0.00	0.00	0.00	0.00	0.00	0.00	18.38	0.00	0.00	0.00	
IAH2_2016	0.00	0.00	0.00	0.00	0.00	0.00	0.00	0.00	0.00	0.00	0.00	0.00	0.00	0.00	0.00	0.00	0.00	0.00	0.00	0.00	0.00	0.00	0.00	0.00	0.00	0.00	22.45	0.00	0.00	0.00	
IAH2_2018	0.00	0.00	0.00	0.00	0.00	0.00	0.00	0.00	0.00	0.00	0.00	0.00	0.00	0.00	0.00	22.69	0.00	0.00	0.00	0.00	0.00	0.00	0.00	0.00	0.00	0.00	22.09	0.00	0.00	0.00	
IAH3_2016	0.00	0.00	0.00	0.00	0.00	0.00	0.00	0.00	0.00	0.00	0.00	0.00	0.00	0.00	0.00	15.81	0.00	0.00	0.00	0.00	0.00	0.00	0.00	0.00	0.00	0.00	15.90	0.00	0.00	0.00	
IAH3_2018	0.00	0.00	0.00	0.00	0.00	0.00	0.00	0.00	0.00	0.00	0.00	0.00	0.00	0.00	0.00	26.54	0.00	0.00	0.00	0.00	0.00	0.00	0.00	0.00	0.00	0.00	25.38	0.00	0.00	0.00	
IAH4_2016	0.00	0.00	0.00	0.00	0.00	0.00	0.00	0.00	0.00	0.00	0.00	0.00	0.00	0.00	0.00	14.34	0.00	0.00	0.00	0.00	0.00	1.30	0.00	0.00	0.00	0.00	15.09	0.00	0.00	0.00	
IAH4_2018	0.00	0.00	0.00	0.00	0.00	0.00	0.00	0.00	0.00	0.00	0.00	0.00	0.00	0.00	0.00	20.32	0.00	0.00	0.00	0.00	0.00	0.00	0.00	0.00	0.00	0.00	21.07	0.00	0.00	0.00	
ILH1_2021	0.00	0.00	0.00	0.00	0.00	0.00	0.00	0.00	0.00	0.00	0.00	0.00	0.00	0.00	0.00	18.11	0.00	0.00	0.00	0.00	0.00	0.00	0.00	0.00	0.00	0.00	19.42	0.00	0.00	0.00	
MNH1_2017	0.00	0.00	0.00	0.00	0.00	0.00	0.00	0.00	0.00	0.00	0.00	0.00	0.00	0.00	0.00	3.93	0.00	0.00	0.00	0.00	0.00	0.00	0.00	0.00	0.00	0.00	19.68	0.00	0.00	0.00	
NEH1_2016	0.00	0.00	0.00	0.00	0.00	0.00	0.00	0.00	0.00	0.00	0.00	0.00	0.00	0.00	0.00	0.00	0.00	0.00	0.00	0.00	0.00	0.00	0.00	0.00	0.00	0.00	15.22	0.00	0.00	0.00	
NEH2_2019	0.00	0.00	0.00	0.00	0.00	0.00	0.00	0.00	0.00	0.00	0.00	0.00	0.00	0.00	0.00	17.91	0.00	0.00	0.00	0.00	0.00	0.00	0.00	0.00	0.00	0.00	20.31	0.00	0.00	0.00	
NEH2_2020	0.00	0.00	0.00	0.00	0.00	0.00	0.00	0.00	0.00	0.00	0.00	0.00	0.00	0.00	0.00	12.38	0.00	0.00	0.00	0.00	0.00	0.00	0.00	0.00	0.00	0.00	17.06	0.00	0.00	0.00	
NEH3_2020	0.00	0.00	0.00	0.00	0.00	0.00	0.00	0.00	0.00	0.00	0.00	0.00	0.00	0.00	0.00	12.38	0.00	0.00	0.00	0.00	0.00	0.00	0.00	0.00	0.00	0.00	17.06	0.00	0.00	0.00	
NEH4_2016	0.00	0.00	0.00	0.00	0.00	0.00	0.00	0.00	0.00	0.00	0.00	0.00	0.00	0.00	0.00	0.00	0.00	0.00	0.00	0.00	0.00	0.00	0.00	0.00	0.00	0.00	15.22	0.00	0.00	0.00	
NYH1_2015	0.00	0.00	0.00	0.00	0.00	0.00	0.00	0.00	0.00	0.00	0.00	0.00	0.00	0.00	0.00	0.00	0.00	0.00	0.00	0.00	0.00	0.00	0.00	0.00	0.00	0.00	15.69	0.00	0.00	0.00	
NYH1_2016	0.00	0.00	0.00	0.00	0.00	0.00	0.00	0.00	0.00	0.00	0.00	0.00	0.00	0.00	0.00	0.00	0.00	0.00	0.00	0.00	0.00	0.00	0.00	0.00	0.00	0.00	6.23	0.00	0.00	0.00	
NYS1_2021	0.00	0.00	0.00	0.00	0.00	0.00	0.00	0.00	0.00	0.00	0.00	0.00	0.00	0.00	0.00	21.81	0.00	0.00	0.00	0.00	0.00	0.00	0.00	0.00	0.00	0.00	14.77	0.00	0.00	0.00	
TXH1-Dry_2017	0.00	0.00	0.00	0.00	0.00	0.00	0.00	0.00	0.00	0.00	0.00	0.00	0.00	0.00	0.00	3.90	0.00	0.00	0.00	0.00	0.00	0.00	0.00	0.00	0.00	0.00	29.23	0.00	0.00	0.00	
TXH2_2018	0.00	0.00	0.00	0.00	0.00	0.00	0.00	0.00	0.00	0.00	0.00	0.00	0.00	0.00	0.00	12.19	0.00	0.00	0.00	0.00	0.00	0.00	0.00	0.00	0.00	0.00	12.68	0.00	0.00	0.00	
TXH4_2019	0.00	0.00	0.00	0.00	0.00	0.00	0.00	0.00	0.00	0.00	0.00	0.00	0.00	0.00	0.00	16.36	0.00	0.00	0.00	0.00	0.00	0.00	0.00	0.00	0.00	0.00	14.97	0.00	0.00	0.00	
IAH1b_2014	0.00	0.00	0.00	0.00	0.00	0.00	0.00	0.00	0.00	0.00	0.00	0.00	0.00	0.00	0.00	16.90	0.00	0.00	0.00	0.00	0.00	0.00	0.00	0.00	0.00	0.00	20.83	0.00	0.00	0.00	
IAH1c_2014	0.00	0.00	0.00	0.00	0.00	0.00	0.00	0.00	0.00	0.00	0.00	0.00	0.00	0.00	0.00	16.90	0.00	0.00	0.00	0.00	0.00	0.00	0.00	0.00	0.00	0.00	20.83	0.00	0.00	0.00	
DEH1_2014	0.00	0.00	0.00	0.00	0.00	0.00	0.00	0.00	0.00	0.00	0.00	0.00	0.00	0.00	0.00	17.12	0.00	0.00	0.00	0.00	0.00	1.09	0.00	0.00	0.00	0.00	15.80	0.00	0.00	0.00	
WIH1_2014	0.00	0.00	0.00	0.00	0.00	0.00	0.00	0.00	0.00	0.00	0.00	0.00	0.00	0.00	0.00	18.95	0.00	0.00	0.00	0.00	0.00	0.00	0.00	0.00	0.00	0.00	21.59	0.00	0.00	0.00	
GAH1_2014	0.00	0.00	0.00	0.00	0.00	0.00	0.00	0.00	0.00	0.00	0.00	0.00	0.00	0.00	0.00	6.96	0.00	0.00	0.00	0.00	0.00	0.00	0.00	0.00	0.00	0.00	12.62	0.00	0.00	0.00	
IAH1a_2014	0.00	0.00	0.00	0.00	0.00	0.00	0.00	0.00	0.00	0.00	0.00	0.00	0.00	0.00	0.00	16.90	0.00	0.00	0.00	0.00	0.00	0.00	0.00	0.00	0.00	0.00	20.83	0.00	0.00	0.00	
IAH2_2014	0.00	0.00	0.00	0.00	0.00	0.00	0.00	0.00	0.00	0.00	0.00	0.00	0.00	0.00	0.00	18.97	0.00	0.00	0.00	0.00	0.00	0.00	0.00	0.00	0.00	0.00	20.17	0.00	0.00	0.00	
IAH3_2014	0.00	0.00	0.00	0.00	0.00	0.00	0.00	0.00	0.00	0.00	0.00	0.00	0.00	0.00	0.00	14.69	0.00	0.00	0.00	0.00	0.00	0.00	0.00	0.00	0.00	0.00	22.50	0.00	0.00	0.00	
IAH4_2014	0.00	0.00	0.00	0.00	0.00	0.00	0.00	0.00	0.00	0.00	0.00	0.00	0.00	0.00	0.00	21.46	0.00	0.00	0.00	0.00	0.00	0.00	0.00	0.00	0.00	0.00	24.79	0.00	0.00	0.00	
ILH1_2014	0.00	0.00	0.00	0.00	0.00	0.00	0.00	0.00	0.00	0.00	0.00	0.00	0.00	0.00	0.00	17.56	0.00	0.00	0.00	0.00	0.00	0.00	0.00	0.00	0.00	0.00	21.43	0.00	0.00	0.00	
INH1_2014	0.00	0.00	0.00	0.00	0.00	0.00	0.00	0.00	0.00	0.00	0.00	0.00	0.00	0.00	0.00	9.76	0.00	0.00	0.00	0.00	0.00	0.00	0.00	0.00	0.00	0.00	21.64	0.00	0.00	0.00	
MNH1_2014	0.00	0.00	0.00	0.00	0.00	0.00	0.00	0.00	0.00	0.00	0.00	0.00	0.00	0.00	0.00	10.15	0.00	0.00	0.00	0.00	0.00	0.00	0.00	0.00	0.00	0.00	23.21	0.00	0.00	0.00	
MOH1_2014	0.00	0.00	0.00	0.00	0.00	0.00	0.00	0.00	0.00	0.00	0.00	0.00	0.00	0.00	0.00	11.90	0.00	0.00	0.00	0.00	0.00	0.00	0.00	0.00	0.00	0.00	15.22	0.00	0.00	0.00	
MOH2_2014	0.00	0.00	0.00	0.00	0.00	0.00	0.00	0.00	0.00	0.00	0.00	0.00	0.00	0.00	0.00	11.90	0.00	0.00	0.00	0.00	0.00	0.00	0.00	0.00	0.00	0.00	15.22	0.00	0.00	0.00	
NCH1_2014	0.00	0.00	0.00	0.00	0.00	0.00	0.00	0.00	0.00	0.00	0.00	0.00	0.00	0.00	0.00	12.88	0.00	0.00	0.00	0.00	0.00	0.00	0.00	0.00	0.00	0.00	13.06	0.00	0.00	0.00	
NEH1_2014	0.00	0.00	0.00	0.00	0.00	0.00	0.00	0.00	0.00	0.00	0.00	0.00	0.00	0.00	0.00	13.24	0.00	0.00	0.00	0.00	0.00	0.00	0.00	0.00	0.00	0.00	18.69	0.00	0.00	0.00	
NEH2_2014	0.00	0.00	0.00	0.00	0.00	0.00	0.00	0.00	0.00	0.00	0.00	0.00	0.00	0.00	0.00	0.00	0.00	0.00	0.00	0.00	0.00	0.00	0.00	0.00	0.00	0.00	15.81	0.00	0.00	0.00	
NEH3_2014	0.00	0.00	0.00	0.00	0.00	0.00	0.00	0.00	0.00	0.00	0.00	0.00	0.00	0.00	0.00	0.00	0.00	0.00	0.00	0.00	0.00	0.00	0.00	0.00	0.00	0.00	14.82	0.00	0.00	0.00	
NYH1_2014	0.00	0.00	0.00	0.00	0.00	0.00	0.00	0.00	0.00	0.00	0.00	0.00	0.00	0.00	0.00	14.82	0.00	0.00	0.00	0.00	0.00	0.00	0.00	0.00	0.00	0.00	16.10	0.00	0.00	0.00	
NYH2_2014	0.00	0.00	0.00	0.00	0.00	0.00	0.00	0.00	0.00	0.00	0.00	0.00	0.00	0.00	0.00	14.82	0.00	0.00	0.00	0.00	0.00	0.00	0.00	0.00	0.00	0.00	16.10	0.00	0.00	0.00	
ONH1_2014	0.00	0.00	0.00	0.00	0.00	0.00	0.00	0.00	0.00	0.00	0.00	0.00	0.00	0.00	0.00	11.42	0.00	0.00	0.00	0.00	0.00	0.00	0.00	0.00	0.00	0.00	23.98	0.00	0.00	0.00	
ONH2_2014	0.00	0.00	0.00	0.00	0.00	0.00	0.00	0.00	0.00	0.00	0.00	0.00	0.00	0.00	0.00	13.93	0.00	0.00	0.00	0.00	0.00	0.00	0.00	0.00	0.00	0.00	22.64	0.00	0.00	0.00	
TXH1_2014	0.00	0.00	0.00	0.00	0.00	0.00	0.00	0.00	0.00	0.00	0.00	0.00	0.00	0.00	0.00	9.13	0.00	0.00	0.00	0.00	0.00	0.00	0.00	0.00	0.00	0.00	10.44	0.00	0.00	0.00	
TXH2_2014	0.00	0.00	0.00	0.00	0.00	0.00	0.00	0.00	0.00	0.00	0.00	0.00	0.00	0.00	0.00	11.77	0.00	0.00	0.00	0.00	0.00	0.00	0.00	0.00	0.00	0.00	11.93	0.00	0.00	0.00	
DEH1_2022	0.00	0.00	0.00	0.00	0.00	0.00	0.00	0.00	0.00	0.00	0.00	0.00	0.00	0.00	0.00	7.87	0.00	0.00	0.00	0.00	0.00	0.00	0.00	0.00	0.00	0.00	17.26	0.00	0.00	0.00	
GAH1_2022	0.00	0.00	0.00	0.00	0.00	0.00	0.00	0.00	0.00	0.00	0.00	0.00	0.00	0.00	0.00	10.82	0.00	0.00	0.00	0.00	0.00	1.79	0.00	0.00	0.00	0.00	10.99	0.00	0.00	0.00	
GAH2_2022	0.00	0.00	0.00	0.00	0.00	0.00	0.00	0.00	0.00	0.00	0.00	0.00	0.00	0.00	0.00	3.16	0.00	0.00	0.00	0.00	0.00	4.95	0.00	0.00	0.00	0.00	11.95	0.00	0.00	0.00	
IAH1_2022	0.00	0.00	0.00	0.00	0.00	0.00	0.00	0.00	0.00	0.00	0.00	0.00	0.00	0.00	0.00	13.16	0.00	0.00	0.00	0.00	0.00	0.00	0.00	0.00	0.00	0.00	18.98	0.00	0.00	0.00	
IAH2_2022	0.00	0.00	0.00	0.00	0.00	0.00	0.00	0.00	0.00	0.00	0.00	0.00	0.00	0.00	0.00	14.15	0.00	0.00	0.00	0.00	0.00	0.00	0.00	0.00	0.00	0.00	19.14	0.00	0.00	0.00	
IAH3_2022	0.00	0.00	0.00	0.00	0.00	0.00	0.00	0.00	0.00	0.00	0.00	0.00	0.00	0.00	0.00	12.39	0.00	0.00	0.00	0.00	0.00	0.00	0.00	0.00	0.00	0.00	19.88	0.00	0.00	0.00	
IAH4_2022	0.00	0.00	0.00	0.00	0.00	0.00	0.00	0.00	0.00	0.00	0.00	0.00	0.00	0.00	0.00	13.73	0.00	0.00	0.00	0.00	0.00	0.00	0.00	0.00	0.00	0.00	20.13	0.00	0.00	0.00	
ILH1_2022	0.00	0.00	0.00	0.00	0.00	0.00	0.00	0.00	0.00	0.00	0.00	0.00	0.00	0.00	0.00	10.88	0.00	0.00	0.00	0.00	0.00	0.00	0.00	0.00	0.00	0.00	18.35	0.00	0.00	0.00	
INH1_2022	0.00	0.00	0.00	0.00	0.00	0.00	0.00	0.00	0.00	0.00	0.00	0.00	0.00	0.00	0.00	15.60	0.00	0.00	0.00	0.00	0.00	0.00	0.00	0.00	0.00	0.00	19.30	0.00	0.00	0.00	
MIH1_2022	0.00	0.00	0.00	0.00	0.00	0.00	0.00	0.00	0.00	0.00	0.00	0.00	0.00	0.00	0.00	10.76	0.00	0.00	0.00	0.00	0.00	0.00	0.00	0.00	0.00	0.00	21.40	0.00	0.00	0.00	
MNH1_2022	0.00	0.00	0.00	0.00	0.00	0.00	0.00	0.00	0.00	0.00	0.00	0.00	0.00	0.00	0.00	0.00	0.00	0.00	0.00	0.00	0.00	0.00	0.00	0.00	0.00	0.00	19.84	0.00	0.00	0.00	
MOH2_2022	0.00	0.00	0.00	0.00	0.00	0.00	0.00	0.00	0.00	0.00	0.00	0.00	0.00	0.00	0.00	8.84	0.00	0.00	0.00	0.00	0.00	0.00	0.00	0.00	0.00	0.00	15.05	0.00	0.00	0.00	
NCH1_2022	0.00	0.00	0.00	0.00	0.00	0.00	0.00	0.00	0.00	0.00	0.00	0.00	0.00	0.00	0.00	0.00	0.00	0.00	0.00	0.00	0.00	5.34	0.00	0.00	0.00	0.00	16.31	0.00	0.00	0.00	
NEH1_2022	0.00	0.00	0.00	0.00	0.00	0.00	0.00	0.00	0.00	0.00	0.00	0.00	0.00	0.00	0.00	13.60	0.00	0.00	0.00	0.00	0.00	0.00	0.00	0.00	0.00	0.00	20.75	0.00	0.00	0.00	
NEH2_2022	0.00	0.00	0.00	0.00	0.00	0.00	0.00	0.00	0.00	0.00	0.00	0.00	0.00	0.00	0.00	18.28	0.00	0.00	0.00	0.00	0.00	0.00	0.00	0.00	0.00	0.00	17.02	0.00	0.00	0.00	
NEH3_2022	0.00	0.00	0.00	0.00	0.00	0.00	0.00	0.00	0.00	0.00	0.00	0.00	0.00	0.00	0.00	18.28	0.00	0.00	0.00	0.00	0.00	0.00	0.00	0.00	0.00	0.00	17.02	0.00	0.00	0.00	
NYH2_2022	0.00	0.00	0.00	0.00	0.00	0.00	0.00	0.00	0.00	0.00	0.00	0.00	0.00	0.00	0.00	13.54	0.00	0.00	0.00	0.00	0.00	0.00	0.00	0.00	0.00	0.00	18.94	0.00	0.00	0.00	
NYH3_2022	0.00	0.00	0.00	0.00	0.00	0.00	0.00	0.00	0.00	0.00	0.00	0.00	0.00	0.00	0.00	13.54	0.00	0.00	0.00	0.00	0.00	0.00	0.00	0.00	0.00	0.00	18.94	0.00	0.00	0.00	
OHH1_2022	0.00	0.00	0.00	0.00	0.00	0.00	0.00	0.00	0.00	0.00	0.00	0.00	0.00	0.00	0.00	15.86	0.00	0.00	0.00	0.00	0.00	0.00	0.00	0.00	0.00	0.00	19.66	0.00	0.00	0.00	
SCH1_2022	0.00	0.00	0.00	0.00	0.00	0.00	0.00	0.00	0.00	0.00	0.00	0.00	0.00	0.00	0.00	1.35	0.00	0.00	0.00	0.00	0.00	7.00	0.00	0.00	0.00	0.00	13.21	0.00	0.00	0.00	
TXH1_2022	0.00	0.00	0.00	0.00	0.00	0.00	0.00	0.00	0.00	0.00	0.00	0.00	0.00	0.00	0.00	6.94	0.00	0.00	0.00	0.00	0.00	0.00	0.00	0.00	0.00	0.00	12.99	0.00	0.00	0.00	
TXH2_2022	0.00	0.00	0.00	0.00	0.00	0.00	0.00	0.00	0.00	0.00	0.00	0.00	0.00	0.00	0.00	6.94	0.00	0.00	0.00	0.00	0.00	0.00	0.00	0.00	0.00	0.00	12.99	0.00	0.00	0.00	
TXH3_2022	0.00	0.00	0.00	0.00	0.00	0.00	0.00	0.00	0.00	0.00	0.00	0.00	0.00	0.00	0.00	6.94	0.00	0.00	0.00	0.00	0.00	0.00	0.00	0.00	0.00	0.00	12.99	0.00	0.00	0.00	
WIH1_2022	0.00	0.00	0.00	0.00	0.00	0.00	0.00	0.00	0.00	0.00	0.00	0.00	0.00	0.00	0.00	14.75	0.00	0.00	0.00	0.00	0.00	0.00	0.00	0.00	0.00	0.00	22.01	0.00	0.00	0.00	
WIH2_2022	0.00	0.00	0.00	0.00	0.00	0.00	0.00	0.00	0.00	0.00	0.00	0.00	0.00	0.00	0.00	14.12	0.00	0.00	0.00	0.00	0.00	0.00	0.00	0.00	0.00	0.00	19.93	0.00	0.00	0.00	
WIH3_2022	0.00	0.00	0.00	0.00	0.00	0.00	0.00	0.00	0.00	0.00	0.00	0.00	0.00	0.00	0.00	13.63	0.00	0.00	0.00	0.00	0.00	0.00	0.00	0.00	0.00	0.00	20.25	0.00	0.00	0.00	
