ARH1_2016	0.00	0.00	14.32	
ARH1_2017	0.00	0.00	11.33	
ARH1_2018	0.00	0.00	11.29	
ARH2_2016	0.00	0.00	0.00	
ARH2_2017	0.00	0.00	27.78	
ARH2_2018	0.00	0.00	6.79	
COH1_2017	0.00	0.00	14.73	
COH1_2021	0.00	0.00	38.11	
DEH1_2016	0.00	0.00	32.37	
DEH1_2017	0.00	0.00	41.21	
DEH1_2018	0.00	0.00	16.70	
DEH1_2019	0.00	0.00	43.20	
DEH1_2020	0.00	0.00	25.23	
DEH1_2021	0.00	0.00	40.25	
GAH1_2016	0.00	0.00	10.93	
GAH1_2017	0.00	0.00	22.40	
GAH1_2018	0.00	0.00	37.16	
GAH1_2019	0.00	0.00	25.29	
GAH1_2020	0.00	0.00	16.48	
GAH1_2021	0.00	0.00	26.97	
GAH2_2016	0.00	0.00	0.00	
GAH2_2017	0.00	0.00	24.09	
GAH2_2018	0.00	0.00	42.20	
GAH2_2019	0.00	0.00	45.71	
GAH2_2020	0.00	0.00	20.71	
GAH2_2021	0.00	0.00	37.65	
GEH1_2019	0.00	0.00	53.66	
GEH1_2020	0.00	0.00	30.62	
GEH1_2021	0.00	0.00	49.14	
IAH1_2017	0.00	0.00	46.37	
IAH1_2019	0.00	0.00	48.40	
IAH1_2020	0.00	0.00	38.91	
IAH1_2021	0.00	0.00	27.99	
IAH2_2017	0.00	0.00	34.58	
IAH2_2019	0.00	0.00	56.35	
IAH2_2021	0.00	0.00	39.62	
IAH3_2017	0.00	0.00	52.93	
IAH3_2019	0.00	0.00	59.68	
IAH3_2021	0.00	0.00	38.57	
IAH4_2017	0.00	0.00	39.98	
IAH4_2019	0.00	0.00	47.64	
IAH4_2021	0.00	0.00	34.12	
ILH1_2016	0.00	0.00	33.97	
ILH1_2018	0.00	0.00	46.53	
ILH1_2019	0.00	0.00	56.01	
INH1_2016	0.00	0.00	18.11	
INH1_2018	0.00	0.00	44.21	
INH1_2019	0.00	0.00	61.74	
INH1_2020	0.00	0.00	43.98	
INH1_2021	0.00	0.00	36.88	
KSH1_2016	0.00	0.00	12.42	
KSH1_2018	0.00	0.00	35.78	
MIH1_2016	0.00	0.00	28.83	
MIH1_2017	0.00	0.00	34.74	
MIH1_2018	0.00	0.00	38.64	
MIH1_2019	0.00	0.00	42.76	
MIH1_2020	0.00	0.00	21.71	
MIH1_2021	0.00	0.00	48.66	
MNH1_2016	0.00	0.00	32.17	
MNH1_2018	0.00	0.00	24.22	
MNH1_2019	0.00	0.00	29.11	
MNH1_2020	0.00	0.00	39.12	
MNH1_2021	0.00	0.00	39.12	
MOH1_2016	0.00	0.00	13.85	
MOH1_2017	0.00	0.00	30.25	
MOH1_2019	0.00	0.00	21.39	
MOH1_1_2020	0.00	0.00	23.79	
MOH1_2_2020	0.00	0.00	23.79	
MOH1_1_2018	0.00	0.00	24.49	
MOH1_2_2018	0.00	0.00	24.49	
NCH1_2016	0.00	0.00	21.17	
NCH1_2017	0.00	0.00	27.98	
NCH1_2018	0.00	0.00	38.31	
NCH1_2019	0.00	0.00	30.02	
NCH1_2020	0.00	0.00	7.85	
NCH1_2021	0.00	0.00	20.70	
NEH1_2019	0.00	0.00	44.08	
NEH1_2020	0.00	0.00	19.04	
NEH1_2021	0.00	0.00	29.32	
NEH2_2018	0.00	0.00	46.34	
NEH2_2021	0.00	0.00	43.16	
NEH3_2017	0.00	0.00	0.00	
NEH3_2021	0.00	0.00	43.16	
NEH4_2017	0.00	0.00	0.00	
NYH1_2017	0.00	0.00	32.92	
NYH1_2018	0.00	0.00	29.29	
NYH1_2019	0.00	0.00	49.59	
NYH2_2016	0.00	0.00	13.21	
NYH2_2017	0.00	0.00	32.92	
NYH2_2018	0.00	0.00	29.29	
NYH2_2019	0.00	0.00	49.59	
NYH2_2020	0.00	0.00	33.28	
NYH2_2021	0.00	0.00	41.86	
NYH3_2017	0.00	0.00	32.92	
NYH3_2018	0.00	0.00	29.29	
NYH3_2019	0.00	0.00	49.59	
NYH3_2020	0.00	0.00	33.28	
NYH3_2021	0.00	0.00	41.86	
NYS1_2020	0.00	0.00	33.28	
OHH1_2016	0.00	0.00	27.16	
OHH1_2017	0.00	0.00	34.08	
OHH1_2018	0.00	0.00	44.61	
OHH1_2019	0.00	0.00	46.94	
OHH1_2020	0.00	0.00	52.54	
ONH1_2016	0.00	0.00	42.28	
ONH1_2017	0.00	0.00	43.56	
ONH2_2016	0.00	0.00	29.18	
ONH2_2017	0.00	0.00	0.00	
ONH2_2019	0.00	0.00	27.93	
SCH1_2018	0.00	0.00	18.20	
SCH1_2019	0.00	0.00	0.00	
SCH1_2020	0.00	0.00	0.00	
SCH1_2021	0.00	0.00	12.27	
TXH1_2016	0.00	0.00	11.84	
TXH1_2019	0.00	0.00	29.88	
TXH1_2020	0.00	0.00	18.21	
TXH1_2021	0.00	0.00	14.99	
TXH1-Dry_2018	0.00	0.00	22.99	
TXH1-Early_2018	0.00	0.00	22.99	
TXH1-Late_2018	0.00	0.00	22.99	
TXH2_2019	0.00	0.00	29.88	
TXH2_2020	0.00	0.00	18.21	
TXH2_2021	0.00	0.00	14.99	
TXH3_2019	0.00	0.00	29.88	
TXH3_2020	0.00	0.00	18.21	
TXH3_2021	0.00	0.00	14.99	
WIH1_2016	0.00	0.00	31.40	
WIH1_2017	0.00	0.00	46.17	
WIH1_2018	0.00	0.00	48.02	
WIH1_2019	0.00	0.00	52.36	
WIH1_2020	0.00	0.00	41.94	
WIH1_2021	0.00	0.00	52.57	
WIH2_2016	0.00	0.00	26.65	
WIH2_2017	0.00	0.00	43.56	
WIH2_2018	0.00	0.00	27.91	
WIH2_2019	0.00	0.00	27.63	
WIH2_2020	0.00	0.00	39.65	
WIH2_2021	0.00	0.00	48.22	
WIH3_2020	0.00	0.00	42.57	
WIH3_2021	0.00	0.00	38.90	
TXH1-Early_2017	0.00	0.00	31.43	
TXH1-Late_2017	0.00	0.00	31.43	
IAH1b_2014	0.00	0.00	37.18	
IAH1c_2014	0.00	0.00	37.18	
DEH1_2014	0.00	0.00	45.94	
WIH1_2014	0.00	0.00	39.76	
GAH1_2014	0.00	0.00	9.08	
IAH1a_2014	0.00	0.00	37.18	
IAH1_2016	0.00	0.00	26.78	
IAH1_2018	0.00	0.00	40.84	
IAH2_2014	0.00	0.00	39.89	
IAH2_2016	0.00	0.00	24.29	
IAH2_2018	0.00	0.00	48.91	
IAH3_2014	0.00	0.00	46.17	
IAH3_2016	0.00	0.00	34.96	
IAH3_2018	0.00	0.00	56.79	
IAH4_2014	0.00	0.00	45.26	
IAH4_2016	0.00	0.00	31.35	
IAH4_2018	0.00	0.00	45.83	
ILH1_2014	0.00	0.00	43.93	
ILH1_2021	0.00	0.00	39.86	
INH1_2014	0.00	0.00	37.48	
MNH1_2014	0.00	0.00	21.13	
MNH1_2017	0.00	0.00	31.88	
MOH1_2014	0.00	0.00	27.29	
MOH2_2014	0.00	0.00	27.29	
NCH1_2014	0.00	0.00	19.43	
NEH1_2014	0.00	0.00	13.29	
NEH1_2016	0.00	0.00	15.93	
NEH2_2014	0.00	0.00	9.42	
NEH2_2019	0.00	0.00	44.08	
NEH2_2020	0.00	0.00	32.68	
NEH3_2014	0.00	0.00	8.74	
NEH3_2020	0.00	0.00	32.68	
NEH4_2016	0.00	0.00	15.93	
NYH1_2014	0.00	0.00	26.94	
NYH1_2016	0.00	0.00	13.21	
NYH2_2014	0.00	0.00	26.94	
NYS1_2021	0.00	0.00	41.86	
ONH1_2014	0.00	0.00	40.53	
ONH2_2014	0.00	0.00	29.44	
TXH1_2014	0.00	0.00	27.20	
TXH1-Dry_2017	0.00	0.00	31.43	
TXH2_2014	0.00	0.00	18.66	
TXH2_2018	0.00	0.00	27.47	
TXH4_2019	0.00	0.00	32.85	
DEH1_2015	0.00	0.00	26.31	
GAH1_2015	0.00	0.00	15.52	
IAH1_2015	0.00	0.00	34.10	
IAH3_2015	0.00	0.00	30.78	
IAH4_2015	0.00	0.00	29.45	
ILH1_2015	0.00	0.00	36.74	
INH1_2015	0.00	0.00	36.01	
KSH1_2015	0.00	0.00	23.87	
MNH1_2015	0.00	0.00	34.35	
MOH1_2015	0.00	0.00	25.09	
MOH2_2015	0.00	0.00	25.09	
NCH1_2015	0.00	0.00	28.73	
NEH1_2015	0.00	0.00	27.48	
NEH2_2015	0.00	0.00	22.63	
NEH3_2015	0.00	0.00	15.93	
NEH4_2015	0.00	0.00	27.48	
NYH2_2015	0.00	0.00	22.95	
NYH3_2015	0.00	0.00	22.95	
OHH1_2015	0.00	0.00	36.53	
ONH1_2015	0.00	0.00	36.82	
ONH2_2015	0.00	0.00	35.89	
SDH1_2015	0.00	0.00	21.24	
TXH1_2015	0.00	0.00	12.85	
WIH1_2015	0.00	0.00	34.64	
WIH2_2015	0.00	0.00	35.58	
NYH1_2015	0.00	0.00	22.95	
DEH1_2022	0.00	0.00	30.89	
GAH1_2022	0.00	0.00	15.50	
GAH2_2022	0.00	0.00	21.00	
IAH1_2022	0.00	0.00	29.33	
IAH2_2022	0.00	0.00	25.35	
IAH3_2022	0.00	0.00	29.76	
IAH4_2022	0.00	0.00	33.06	
ILH1_2022	0.00	0.00	29.62	
INH1_2022	0.00	0.00	30.79	
MIH1_2022	0.00	0.00	31.26	
MNH1_2022	0.00	0.00	33.60	
MOH2_2022	0.00	0.00	16.66	
NCH1_2022	0.00	0.00	18.97	
NEH1_2022	0.00	0.00	22.83	
NEH2_2022	0.00	0.00	22.17	
NEH3_2022	0.00	0.00	22.17	
NYH2_2022	0.00	0.00	34.18	
NYH3_2022	0.00	0.00	34.18	
OHH1_2022	0.00	0.00	35.37	
SCH1_2022	0.00	0.00	16.63	
TXH1_2022	0.00	0.00	14.47	
TXH2_2022	0.00	0.00	14.47	
TXH3_2022	0.00	0.00	14.47	
WIH1_2022	0.00	0.00	30.03	
WIH2_2022	0.00	0.00	28.56	
WIH3_2022	0.00	0.00	29.75	
