ARH1_2016	0.00	0.00	0.00	0.00	0.00	9.82	0.00	0.00	0.00	0.00	0.00	0.00	9.67	3.76	0.00	0.00	0.00	0.00	0.00	0.00	0.00	18.04	0.00	0.00	0.00	0.00	0.00	0.00	0.00	0.00	
ARH1_2017	0.00	0.00	0.00	0.00	0.00	10.21	0.00	0.00	0.00	0.00	0.00	0.00	9.93	4.33	0.00	0.00	0.00	0.00	0.00	0.00	0.00	16.32	0.00	0.00	0.00	0.00	0.00	0.00	0.00	0.00	
ARH1_2018	0.00	0.00	0.00	0.00	0.00	6.85	0.00	0.00	0.00	0.00	0.00	0.00	7.45	0.00	0.00	0.00	0.00	0.00	0.00	0.00	0.00	14.78	0.00	0.00	0.00	0.00	0.00	0.00	0.00	0.00	
ARH2_2016	0.00	0.00	0.00	0.00	0.00	0.02	0.00	0.00	0.00	0.00	0.00	0.00	0.27	0.00	0.00	0.00	0.00	0.00	0.00	0.00	0.00	10.13	0.00	0.00	0.00	0.00	0.00	0.00	0.00	0.00	
ARH2_2017	0.00	0.00	0.00	0.00	0.00	13.06	0.00	0.00	0.00	0.00	0.00	0.00	12.49	7.62	0.00	0.00	0.00	0.00	0.00	0.00	0.00	19.88	0.00	0.00	0.00	0.00	0.00	0.00	0.00	0.00	
ARH2_2018	0.00	0.00	0.00	0.00	0.00	5.66	0.00	0.00	0.00	0.00	0.00	0.00	6.48	0.00	0.00	0.00	0.00	0.00	0.00	0.00	0.00	13.72	0.00	0.00	0.00	0.00	0.00	0.00	0.00	0.00	
COH1_2017	0.00	0.00	0.00	0.00	0.00	11.44	0.00	0.00	0.00	0.00	0.00	0.00	11.16	4.39	0.00	0.00	0.00	0.00	0.00	0.00	0.00	15.61	0.00	0.00	0.00	0.00	0.00	0.00	0.00	0.00	
COH1_2021	0.00	0.00	0.00	0.00	0.00	14.05	0.00	0.00	0.00	0.00	0.00	0.00	14.24	6.76	0.00	0.00	0.00	0.00	0.00	0.00	0.00	19.37	0.00	0.00	0.00	0.00	0.00	0.00	0.00	0.00	
DEH1_2015	0.00	0.00	0.00	0.00	0.00	15.96	0.00	0.00	0.00	0.00	0.00	0.00	16.17	11.44	0.00	0.00	0.00	0.00	0.00	0.00	0.00	24.96	0.00	0.00	0.00	0.00	0.00	0.00	0.00	0.00	
DEH1_2016	0.00	0.00	0.00	0.00	0.00	14.03	0.00	0.00	0.00	0.00	0.00	0.00	14.65	9.97	0.00	0.00	0.00	0.00	0.00	0.00	0.00	21.28	0.00	0.00	0.00	0.00	0.00	0.00	0.00	0.00	
DEH1_2017	0.00	0.00	0.00	0.00	0.00	15.31	0.00	0.00	0.00	0.00	0.00	0.00	15.26	11.88	0.00	0.00	0.00	0.00	0.00	0.00	0.00	24.08	0.00	0.00	0.00	0.00	0.00	0.00	0.00	0.00	
DEH1_2018	0.00	0.00	0.00	0.00	0.00	9.25	0.00	0.00	0.00	0.00	0.00	0.00	9.91	6.53	0.00	0.00	0.00	0.00	0.00	0.00	0.00	17.32	0.00	0.00	0.00	0.00	0.00	0.00	0.00	0.00	
DEH1_2019	0.00	0.00	0.00	0.00	0.00	16.07	0.00	0.00	0.00	0.00	0.00	0.00	16.04	11.74	0.00	0.00	0.00	0.00	0.00	0.00	0.00	24.26	0.00	0.00	0.00	0.00	0.00	0.00	0.00	0.00	
DEH1_2021	0.00	0.00	0.00	0.00	0.00	14.71	0.00	0.00	0.00	0.00	0.00	0.00	14.55	10.72	0.00	0.00	0.00	0.00	0.00	0.00	0.00	22.86	0.00	0.00	0.00	0.00	0.00	0.00	0.00	0.00	
GAH1_2015	0.00	0.00	0.00	0.00	0.00	11.22	0.00	0.00	0.00	0.00	0.00	0.00	11.25	3.28	0.00	0.00	0.00	0.00	0.00	0.00	0.00	17.68	0.00	0.00	0.00	0.00	0.00	0.00	0.00	0.00	
GAH1_2016	0.00	0.00	0.00	0.00	0.00	5.97	0.00	0.00	0.00	0.00	0.00	0.00	6.09	0.00	0.00	0.00	0.00	0.00	0.00	0.00	0.00	13.52	0.00	0.00	0.00	0.00	0.00	0.00	0.00	0.00	
GAH1_2017	0.00	0.00	0.00	0.00	0.00	12.08	0.00	0.00	0.00	0.00	0.00	0.00	10.08	3.63	0.00	0.00	0.00	0.00	0.00	0.00	0.00	17.25	0.00	0.00	0.00	0.00	0.00	0.00	0.00	0.00	
GAH1_2018	0.00	0.00	0.00	0.00	0.00	13.04	0.00	0.00	0.00	0.00	0.00	0.00	12.66	5.84	0.00	0.00	0.00	0.00	0.00	0.00	0.00	21.46	0.00	0.00	0.00	0.00	0.00	0.00	0.00	0.00	
GAH1_2019	0.00	0.00	0.00	0.00	0.00	12.02	0.00	0.00	0.00	0.00	0.00	0.00	11.86	4.28	0.00	0.00	0.00	0.00	0.00	0.00	0.00	21.07	0.00	0.00	0.00	0.00	0.00	0.00	0.00	0.00	
GAH1_2021	0.00	0.00	0.00	0.00	0.00	12.65	0.00	0.00	0.00	0.00	0.00	0.00	12.08	6.47	0.00	0.00	0.00	0.00	0.00	0.00	0.00	19.83	0.00	0.00	0.00	0.00	0.00	0.00	0.00	0.00	
GAH2_2016	0.00	0.00	0.00	0.00	0.00	6.84	0.00	0.00	0.00	0.00	0.00	0.00	5.68	0.00	0.00	0.00	0.00	0.00	0.00	0.00	0.00	14.28	0.00	0.00	0.00	0.00	0.00	0.00	0.00	0.00	
GAH2_2017	0.00	0.00	0.00	0.00	0.00	11.14	0.00	0.00	0.00	0.00	0.00	0.00	9.96	3.80	0.00	0.00	0.00	0.00	0.00	0.00	0.00	21.12	0.00	0.00	0.00	0.00	0.00	0.00	0.00	0.00	
GAH2_2018	0.00	0.00	0.00	0.00	0.00	12.88	0.00	0.00	0.00	0.00	0.00	0.00	12.93	4.89	0.00	0.00	0.00	0.00	0.00	0.00	0.00	29.16	0.00	0.00	0.00	0.00	0.00	0.00	0.00	0.00	
GAH2_2019	0.00	0.00	0.00	0.00	0.00	16.91	0.00	0.00	0.00	0.00	0.00	0.00	16.79	8.32	0.00	0.00	0.00	0.00	0.00	0.00	0.00	33.43	0.00	0.00	0.00	0.00	0.00	0.00	0.00	0.00	
GAH2_2021	0.00	0.00	0.00	0.00	0.00	16.01	0.00	0.00	0.00	0.00	0.00	0.00	15.31	9.06	0.00	0.00	0.00	0.00	0.00	0.00	0.00	24.94	0.00	0.00	0.00	0.00	0.00	0.00	0.00	0.00	
GEH1_2019	0.00	0.00	0.00	0.00	0.00	16.76	0.00	0.00	0.00	0.00	0.00	0.00	18.21	14.96	0.00	0.00	0.00	0.00	0.00	0.00	0.00	27.60	0.00	0.00	0.00	0.00	0.00	0.00	0.00	0.00	
GEH1_2021	0.00	0.00	0.00	0.00	0.00	16.73	0.00	0.00	0.00	0.00	0.00	0.00	19.73	15.43	0.00	0.00	0.00	0.00	0.00	0.00	0.00	31.06	0.00	0.00	0.00	0.00	0.00	0.00	0.00	0.00	
IAH1_2015	0.00	0.00	0.00	0.00	0.00	17.77	0.00	0.00	0.00	0.00	0.00	0.00	16.85	12.38	0.00	0.00	0.00	0.00	0.00	0.00	0.00	26.02	0.00	0.00	0.00	0.00	0.00	0.00	0.00	0.00	
IAH1_2017	0.00	0.00	0.00	0.00	0.00	17.39	0.00	0.00	0.00	0.00	0.00	0.00	17.16	13.28	0.00	0.00	0.00	0.00	0.00	0.00	0.00	25.00	0.00	0.00	0.00	0.00	0.00	0.00	0.00	0.00	
IAH1_2019	0.00	0.00	0.00	0.00	0.00	20.65	0.00	0.00	0.00	0.00	0.00	0.00	21.87	16.77	0.00	0.00	0.00	0.00	0.00	0.00	0.00	30.81	0.00	0.00	0.00	0.00	0.00	0.00	0.00	0.00	
IAH1_2021	0.00	0.00	0.00	0.00	0.00	12.76	0.00	0.00	0.00	0.00	0.00	0.00	12.97	8.84	0.00	0.00	0.00	0.00	0.00	0.00	0.00	22.08	0.00	0.00	0.00	0.00	0.00	0.00	0.00	0.00	
IAH2_2017	0.00	0.00	0.00	0.00	0.00	14.66	0.00	0.00	0.00	0.00	0.00	0.00	14.26	10.38	0.00	0.00	0.00	0.00	0.00	0.00	0.00	21.83	0.00	0.00	0.00	0.00	0.00	0.00	0.00	0.00	
IAH2_2019	0.00	0.00	0.00	0.00	0.00	21.38	0.00	0.00	0.00	0.00	0.00	0.00	21.24	16.74	0.00	0.00	0.00	0.00	0.00	0.00	0.00	31.93	0.00	0.00	0.00	0.00	0.00	0.00	0.00	0.00	
IAH2_2021	0.00	0.00	0.00	0.00	0.00	14.46	0.00	0.00	0.00	0.00	0.00	0.00	14.59	10.15	0.00	0.00	0.00	0.00	0.00	0.00	0.00	22.13	0.00	0.00	0.00	0.00	0.00	0.00	0.00	0.00	
IAH3_2015	0.00	0.00	0.00	0.00	0.00	16.04	0.00	0.00	0.00	0.00	0.00	0.00	15.41	10.89	0.00	0.00	0.00	0.00	0.00	0.00	0.00	24.48	0.00	0.00	0.00	0.00	0.00	0.00	0.00	0.00	
IAH3_2017	0.00	0.00	0.00	0.00	0.00	19.15	0.00	0.00	0.00	0.00	0.00	0.00	18.40	14.52	0.00	0.00	0.00	0.00	0.00	0.00	0.00	27.04	0.00	0.00	0.00	0.00	0.00	0.00	0.00	0.00	
IAH3_2019	0.00	0.00	0.00	0.00	0.00	22.73	0.00	0.00	0.00	0.00	0.00	0.00	23.10	18.13	0.00	0.00	0.00	0.00	0.00	0.00	0.00	33.13	0.00	0.00	0.00	0.00	0.00	0.00	0.00	0.00	
IAH3_2021	0.00	0.00	0.00	0.00	0.00	14.25	0.00	0.00	0.00	0.00	0.00	0.00	14.18	10.04	0.00	0.00	0.00	0.00	0.00	0.00	0.00	23.26	0.00	0.00	0.00	0.00	0.00	0.00	0.00	0.00	
IAH4_2015	0.00	0.00	0.00	0.00	0.00	14.63	0.00	0.00	0.00	0.00	0.00	0.00	14.36	9.97	0.00	0.00	0.00	0.00	0.00	0.00	0.00	23.04	0.00	0.00	0.00	0.00	0.00	0.00	0.00	0.00	
IAH4_2017	0.00	0.00	0.00	0.00	0.00	16.92	0.00	0.00	0.00	0.00	0.00	0.00	16.21	12.45	0.00	0.00	0.00	0.00	0.00	0.00	0.00	24.17	0.00	0.00	0.00	0.00	0.00	0.00	0.00	0.00	
IAH4_2019	0.00	0.00	0.00	0.00	0.00	19.40	0.00	0.00	0.00	0.00	0.00	0.00	19.83	15.29	0.00	0.00	0.00	0.00	0.00	0.00	0.00	29.52	0.00	0.00	0.00	0.00	0.00	0.00	0.00	0.00	
IAH4_2021	0.00	0.00	0.00	0.00	0.00	13.58	0.00	0.00	0.00	0.00	0.00	0.00	13.66	9.55	0.00	0.00	0.00	0.00	0.00	0.00	0.00	21.43	0.00	0.00	0.00	0.00	0.00	0.00	0.00	0.00	
ILH1_2015	0.00	0.00	0.00	0.00	0.00	13.22	0.00	0.00	0.00	0.00	0.00	0.00	13.33	9.47	0.00	0.00	0.00	0.00	0.00	0.00	0.00	22.21	0.00	0.00	0.00	0.00	0.00	0.00	0.00	0.00	
ILH1_2016	0.00	0.00	0.00	0.00	0.00	12.42	0.00	0.00	0.00	0.00	0.00	0.00	11.94	8.13	0.00	0.00	0.00	0.00	0.00	0.00	0.00	20.73	0.00	0.00	0.00	0.00	0.00	0.00	0.00	0.00	
ILH1_2018	0.00	0.00	0.00	0.00	0.00	15.57	0.00	0.00	0.00	0.00	0.00	0.00	16.40	10.78	0.00	0.00	0.00	0.00	0.00	0.00	0.00	24.67	0.00	0.00	0.00	0.00	0.00	0.00	0.00	0.00	
ILH1_2019	0.00	0.00	0.00	0.00	0.00	21.17	0.00	0.00	0.00	0.00	0.00	0.00	21.33	16.47	0.00	0.00	0.00	0.00	0.00	0.00	0.00	30.58	0.00	0.00	0.00	0.00	0.00	0.00	0.00	0.00	
INH1_2015	0.00	0.00	0.00	0.00	0.00	13.03	0.00	0.00	0.00	0.00	0.00	0.00	13.15	9.24	0.00	0.00	0.00	0.00	0.00	0.00	0.00	22.24	0.00	0.00	0.00	0.00	0.00	0.00	0.00	0.00	
INH1_2016	0.00	0.00	0.00	0.00	0.00	11.87	0.00	0.00	0.00	0.00	0.00	0.00	11.48	7.71	0.00	0.00	0.00	0.00	0.00	0.00	0.00	19.93	0.00	0.00	0.00	0.00	0.00	0.00	0.00	0.00	
INH1_2018	0.00	0.00	0.00	0.00	0.00	16.39	0.00	0.00	0.00	0.00	0.00	0.00	16.93	11.54	0.00	0.00	0.00	0.00	0.00	0.00	0.00	25.66	0.00	0.00	0.00	0.00	0.00	0.00	0.00	0.00	
INH1_2019	0.00	0.00	0.00	0.00	0.00	22.43	0.00	0.00	0.00	0.00	0.00	0.00	22.57	17.66	0.00	0.00	0.00	0.00	0.00	0.00	0.00	32.37	0.00	0.00	0.00	0.00	0.00	0.00	0.00	0.00	
INH1_2021	0.00	0.00	0.00	0.00	0.00	15.81	0.00	0.00	0.00	0.00	0.00	0.00	15.67	11.69	0.00	0.00	0.00	0.00	0.00	0.00	0.00	23.92	0.00	0.00	0.00	0.00	0.00	0.00	0.00	0.00	
KSH1_2015	0.00	0.00	0.00	0.00	0.00	7.63	0.00	0.00	0.00	0.00	0.00	0.00	7.03	2.27	0.00	0.00	0.00	0.00	0.00	0.00	0.00	13.37	0.00	0.00	0.00	0.00	0.00	0.00	0.00	0.00	
KSH1_2016	0.00	0.00	0.00	0.00	0.00	10.08	0.00	0.00	0.00	0.00	0.00	0.00	9.57	4.73	0.00	0.00	0.00	0.00	0.00	0.00	0.00	16.15	0.00	0.00	0.00	0.00	0.00	0.00	0.00	0.00	
KSH1_2018	0.00	0.00	0.00	0.00	0.00	13.53	0.00	0.00	0.00	0.00	0.00	0.00	13.42	6.62	0.00	0.00	0.00	0.00	0.00	0.00	0.00	18.71	0.00	0.00	0.00	0.00	0.00	0.00	0.00	0.00	
MIH1_2016	0.00	0.00	0.00	0.00	0.00	12.42	0.00	0.00	0.00	0.00	0.00	0.00	12.72	9.40	0.00	0.00	0.00	0.00	0.00	0.00	0.00	21.72	0.00	0.00	0.00	0.00	0.00	0.00	0.00	0.00	
MIH1_2017	0.00	0.00	0.00	0.00	0.00	14.09	0.00	0.00	0.00	0.00	0.00	0.00	13.43	10.44	0.00	0.00	0.00	0.00	0.00	0.00	0.00	23.36	0.00	0.00	0.00	0.00	0.00	0.00	0.00	0.00	
MIH1_2018	0.00	0.00	0.00	0.00	0.00	14.29	0.00	0.00	0.00	0.00	0.00	0.00	15.62	11.11	0.00	0.00	0.00	0.00	0.00	0.00	0.00	24.65	0.00	0.00	0.00	0.00	0.00	0.00	0.00	0.00	
MIH1_2019	0.00	0.00	0.00	0.00	0.00	16.77	0.00	0.00	0.00	0.00	0.00	0.00	18.01	14.04	0.00	0.00	0.00	0.00	0.00	0.00	0.00	27.00	0.00	0.00	0.00	0.00	0.00	0.00	0.00	0.00	
MIH1_2021	0.00	0.00	0.00	0.00	0.00	16.54	0.00	0.00	0.00	0.00	0.00	0.00	17.15	13.26	0.00	0.00	0.00	0.00	0.00	0.00	0.00	26.30	0.00	0.00	0.00	0.00	0.00	0.00	0.00	0.00	
MNH1_2015	0.00	0.00	0.00	0.00	0.00	12.83	0.00	0.00	0.00	0.00	0.00	0.00	13.13	9.43	0.00	0.00	0.00	0.00	0.00	0.00	0.00	21.43	0.00	0.00	0.00	0.00	0.00	0.00	0.00	0.00	
MNH1_2016	0.00	0.00	0.00	0.00	0.00	12.66	0.00	0.00	0.00	0.00	0.00	0.00	13.11	10.11	0.00	0.00	0.00	0.00	0.00	0.00	0.00	22.07	0.00	0.00	0.00	0.00	0.00	0.00	0.00	0.00	
MNH1_2018	0.00	0.00	0.00	0.00	0.00	10.05	0.00	0.00	0.00	0.00	0.00	0.00	11.79	7.26	0.00	0.00	0.00	0.00	0.00	0.00	0.00	21.65	0.00	0.00	0.00	0.00	0.00	0.00	0.00	0.00	
MNH1_2019	0.00	0.00	0.00	0.00	0.00	14.07	0.00	0.00	0.00	0.00	0.00	0.00	14.68	10.77	0.00	0.00	0.00	0.00	0.00	0.00	0.00	25.33	0.00	0.00	0.00	0.00	0.00	0.00	0.00	0.00	
MNH1_2021	0.00	0.00	0.00	0.00	0.00	13.94	0.00	0.00	0.00	0.00	0.00	0.00	14.82	10.66	0.00	0.00	0.00	0.00	0.00	0.00	0.00	22.52	0.00	0.00	0.00	0.00	0.00	0.00	0.00	0.00	
MOH1_2015	0.00	0.00	0.00	0.00	0.00	8.52	0.00	0.00	0.00	0.00	0.00	0.00	8.33	3.46	0.00	0.00	0.00	0.00	0.00	0.00	0.00	16.28	0.00	0.00	0.00	0.00	0.00	0.00	0.00	0.00	
MOH1_2016	0.00	0.00	0.00	0.00	0.00	8.80	0.00	0.00	0.00	0.00	0.00	0.00	8.50	3.68	0.00	0.00	0.00	0.00	0.00	0.00	0.00	17.07	0.00	0.00	0.00	0.00	0.00	0.00	0.00	0.00	
MOH1_2017	0.00	0.00	0.00	0.00	0.00	13.56	0.00	0.00	0.00	0.00	0.00	0.00	13.93	8.68	0.00	0.00	0.00	0.00	0.00	0.00	0.00	20.60	0.00	0.00	0.00	0.00	0.00	0.00	0.00	0.00	
MOH1_2019	0.00	0.00	0.00	0.00	0.00	13.12	0.00	0.00	0.00	0.00	0.00	0.00	13.79	7.81	0.00	0.00	0.00	0.00	0.00	0.00	0.00	22.47	0.00	0.00	0.00	0.00	0.00	0.00	0.00	0.00	
MOH1_1_2018	0.00	0.00	0.00	0.00	0.00	11.48	0.00	0.00	0.00	0.00	0.00	0.00	12.21	6.20	0.00	0.00	0.00	0.00	0.00	0.00	0.00	19.47	0.00	0.00	0.00	0.00	0.00	0.00	0.00	0.00	
MOH1_2_2018	0.00	0.00	0.00	0.00	0.00	11.48	0.00	0.00	0.00	0.00	0.00	0.00	12.21	6.20	0.00	0.00	0.00	0.00	0.00	0.00	0.00	19.47	0.00	0.00	0.00	0.00	0.00	0.00	0.00	0.00	
MOH2_2015	0.00	0.00	0.00	0.00	0.00	8.52	0.00	0.00	0.00	0.00	0.00	0.00	8.33	3.46	0.00	0.00	0.00	0.00	0.00	0.00	0.00	16.28	0.00	0.00	0.00	0.00	0.00	0.00	0.00	0.00	
NCH1_2015	0.00	0.00	0.00	0.00	0.00	15.68	0.00	0.00	0.00	0.00	0.00	0.00	16.23	10.32	0.00	0.00	0.00	0.00	0.00	0.00	0.00	23.88	0.00	0.00	0.00	0.00	0.00	0.00	0.00	0.00	
NCH1_2016	0.00	0.00	0.00	0.00	0.00	11.25	0.00	0.00	0.00	0.00	0.00	0.00	11.25	4.85	0.00	0.00	0.00	0.00	0.00	0.00	0.00	19.57	0.00	0.00	0.00	0.00	0.00	0.00	0.00	0.00	
NCH1_2017	0.00	0.00	0.00	0.00	0.00	12.75	0.00	0.00	0.00	0.00	0.00	0.00	12.64	7.81	0.00	0.00	0.00	0.00	0.00	0.00	0.00	19.43	0.00	0.00	0.00	0.00	0.00	0.00	0.00	0.00	
NCH1_2018	0.00	0.00	0.00	0.00	0.00	15.30	0.00	0.00	0.00	0.00	0.00	0.00	15.31	8.90	0.00	0.00	0.00	0.00	0.00	0.00	0.00	22.82	0.00	0.00	0.00	0.00	0.00	0.00	0.00	0.00	
NCH1_2019	0.00	0.00	0.00	0.00	0.00	13.93	0.00	0.00	0.00	0.00	0.00	0.00	13.98	6.70	0.00	0.00	0.00	0.00	0.00	0.00	0.00	22.53	0.00	0.00	0.00	0.00	0.00	0.00	0.00	0.00	
NCH1_2021	0.00	0.00	0.00	0.00	0.00	10.77	0.00	0.00	0.00	0.00	0.00	0.00	10.96	6.71	0.00	0.00	0.00	0.00	0.00	0.00	0.00	18.50	0.00	0.00	0.00	0.00	0.00	0.00	0.00	0.00	
NEH1_2015	0.00	0.00	0.00	0.00	0.00	10.52	0.00	0.00	0.00	0.00	0.00	0.00	10.50	5.93	0.00	0.00	0.00	0.00	0.00	0.00	0.00	17.30	0.00	0.00	0.00	0.00	0.00	0.00	0.00	0.00	
NEH1_2019	0.00	0.00	0.00	0.00	0.00	17.79	0.00	0.00	0.00	0.00	0.00	0.00	17.39	12.10	0.00	0.00	0.00	0.00	0.00	0.00	0.00	27.36	0.00	0.00	0.00	0.00	0.00	0.00	0.00	0.00	
NEH1_2021	0.00	0.00	0.00	0.00	0.00	12.96	0.00	0.00	0.00	0.00	0.00	0.00	13.02	8.12	0.00	0.00	0.00	0.00	0.00	0.00	0.00	20.90	0.00	0.00	0.00	0.00	0.00	0.00	0.00	0.00	
NEH2_2015	0.00	0.00	0.00	0.00	0.00	11.89	0.00	0.00	0.00	0.00	0.00	0.00	11.08	5.48	0.00	0.00	0.00	0.00	0.00	0.00	0.00	16.82	0.00	0.00	0.00	0.00	0.00	0.00	0.00	0.00	
NEH2_2018	0.00	0.00	0.00	0.00	0.00	15.82	0.00	0.00	0.00	0.00	0.00	0.00	16.85	11.13	0.00	0.00	0.00	0.00	0.00	0.00	0.00	25.31	0.00	0.00	0.00	0.00	0.00	0.00	0.00	0.00	
NEH2_2021	0.00	0.00	0.00	0.00	0.00	16.33	0.00	0.00	0.00	0.00	0.00	0.00	16.09	10.42	0.00	0.00	0.00	0.00	0.00	0.00	0.00	22.34	0.00	0.00	0.00	0.00	0.00	0.00	0.00	0.00	
NEH3_2015	0.00	0.00	0.00	0.00	0.00	12.05	0.00	0.00	0.00	0.00	0.00	0.00	11.30	5.03	0.00	0.00	0.00	0.00	0.00	0.00	0.00	17.08	0.00	0.00	0.00	0.00	0.00	0.00	0.00	0.00	
NEH3_2017	0.00	0.00	0.00	0.00	0.00	9.03	0.00	0.00	0.00	0.00	0.00	0.00	8.73	4.83	0.00	0.00	0.00	0.00	0.00	0.00	0.00	15.57	0.00	0.00	0.00	0.00	0.00	0.00	0.00	0.00	
NEH3_2021	0.00	0.00	0.00	0.00	0.00	16.33	0.00	0.00	0.00	0.00	0.00	0.00	16.09	10.42	0.00	0.00	0.00	0.00	0.00	0.00	0.00	22.34	0.00	0.00	0.00	0.00	0.00	0.00	0.00	0.00	
NEH4_2015	0.00	0.00	0.00	0.00	0.00	10.52	0.00	0.00	0.00	0.00	0.00	0.00	10.50	5.93	0.00	0.00	0.00	0.00	0.00	0.00	0.00	17.30	0.00	0.00	0.00	0.00	0.00	0.00	0.00	0.00	
NEH4_2017	0.00	0.00	0.00	0.00	0.00	9.03	0.00	0.00	0.00	0.00	0.00	0.00	8.73	4.83	0.00	0.00	0.00	0.00	0.00	0.00	0.00	15.57	0.00	0.00	0.00	0.00	0.00	0.00	0.00	0.00	
NYH1_2017	0.00	0.00	0.00	0.44	0.00	13.44	0.00	0.00	0.00	0.00	0.00	0.00	13.85	10.35	0.00	0.00	0.00	0.00	0.00	0.00	0.00	23.00	0.00	0.00	0.00	0.00	0.00	0.00	0.00	0.00	
NYH1_2018	0.00	0.00	0.00	0.00	0.00	12.98	0.00	0.00	0.00	0.00	0.00	0.00	14.23	9.75	0.00	0.00	0.00	0.00	0.00	0.00	0.00	23.40	0.00	0.00	0.00	0.00	0.00	0.00	0.00	0.00	
NYH1_2019	0.00	0.00	0.00	0.00	0.00	18.31	0.00	0.00	0.00	0.00	0.00	0.00	18.74	14.44	0.00	0.00	0.00	0.00	0.00	0.00	0.00	28.02	0.00	0.00	0.00	0.00	0.00	0.00	0.00	0.00	
NYH2_2015	0.00	0.00	0.00	0.13	0.00	10.98	0.00	0.00	0.00	0.00	0.00	0.00	12.08	7.60	0.00	0.00	0.00	0.00	0.00	0.00	0.00	20.85	0.00	0.00	0.00	0.00	0.00	0.00	0.00	0.00	
NYH2_2016	0.00	0.00	0.00	0.00	0.00	9.54	0.00	0.00	0.00	0.00	0.00	0.00	10.23	6.43	0.00	0.00	0.00	0.00	0.00	0.00	0.00	17.29	0.00	0.00	0.00	0.00	0.00	0.00	0.00	0.00	
NYH2_2017	0.00	0.00	0.00	0.44	0.00	13.44	0.00	0.00	0.00	0.00	0.00	0.00	13.85	10.35	0.00	0.00	0.00	0.00	0.00	0.00	0.00	23.00	0.00	0.00	0.00	0.00	0.00	0.00	0.00	0.00	
NYH2_2018	0.00	0.00	0.00	0.00	0.00	12.98	0.00	0.00	0.00	0.00	0.00	0.00	14.23	9.75	0.00	0.00	0.00	0.00	0.00	0.00	0.00	23.40	0.00	0.00	0.00	0.00	0.00	0.00	0.00	0.00	
NYH2_2019	0.00	0.00	0.00	0.00	0.00	18.31	0.00	0.00	0.00	0.00	0.00	0.00	18.74	14.44	0.00	0.00	0.00	0.00	0.00	0.00	0.00	28.02	0.00	0.00	0.00	0.00	0.00	0.00	0.00	0.00	
NYH2_2021	0.00	0.00	0.00	0.00	0.00	15.96	0.00	0.00	0.00	0.00	0.00	0.00	16.80	12.60	0.00	0.00	0.00	0.00	0.00	0.00	0.00	26.49	0.00	0.00	0.00	0.00	0.00	0.00	0.00	0.00	
NYH3_2015	0.00	0.00	0.00	0.13	0.00	10.98	0.00	0.00	0.00	0.00	0.00	0.00	12.08	7.60	0.00	0.00	0.00	0.00	0.00	0.00	0.00	20.85	0.00	0.00	0.00	0.00	0.00	0.00	0.00	0.00	
NYH3_2017	0.00	0.00	0.00	0.44	0.00	13.44	0.00	0.00	0.00	0.00	0.00	0.00	13.85	10.35	0.00	0.00	0.00	0.00	0.00	0.00	0.00	23.00	0.00	0.00	0.00	0.00	0.00	0.00	0.00	0.00	
NYH3_2018	0.00	0.00	0.00	0.00	0.00	12.98	0.00	0.00	0.00	0.00	0.00	0.00	14.23	9.75	0.00	0.00	0.00	0.00	0.00	0.00	0.00	23.40	0.00	0.00	0.00	0.00	0.00	0.00	0.00	0.00	
NYH3_2019	0.00	0.00	0.00	0.00	0.00	18.31	0.00	0.00	0.00	0.00	0.00	0.00	18.74	14.44	0.00	0.00	0.00	0.00	0.00	0.00	0.00	28.02	0.00	0.00	0.00	0.00	0.00	0.00	0.00	0.00	
NYH3_2021	0.00	0.00	0.00	0.00	0.00	15.96	0.00	0.00	0.00	0.00	0.00	0.00	16.80	12.60	0.00	0.00	0.00	0.00	0.00	0.00	0.00	26.49	0.00	0.00	0.00	0.00	0.00	0.00	0.00	0.00	
OHH1_2015	0.00	0.00	0.00	0.00	0.00	13.85	0.00	0.00	0.00	0.00	0.00	0.00	14.14	9.45	0.00	0.00	0.00	0.00	0.00	0.00	0.00	22.74	0.00	0.00	0.00	0.00	0.00	0.00	0.00	0.00	
OHH1_2016	0.00	0.00	0.00	0.00	0.00	12.72	0.00	0.00	0.00	0.00	0.00	0.00	11.95	7.84	0.00	0.00	0.00	0.00	0.00	0.00	0.00	20.06	0.00	0.00	0.00	0.00	0.00	0.00	0.00	0.00	
OHH1_2017	0.00	0.00	0.00	0.00	0.00	14.23	0.00	0.00	0.00	0.00	0.00	0.00	14.49	10.85	0.00	0.00	0.00	0.00	0.00	0.00	0.00	22.69	0.00	0.00	0.00	0.00	0.00	0.00	0.00	0.00	
OHH1_2018	0.00	0.00	0.00	0.00	0.00	15.87	0.00	0.00	0.00	0.00	0.00	0.00	16.78	11.64	0.00	0.00	0.00	0.00	0.00	0.00	0.00	24.53	0.00	0.00	0.00	0.00	0.00	0.00	0.00	0.00	
OHH1_2019	0.00	0.00	0.00	0.00	0.00	18.13	0.00	0.00	0.00	0.00	0.00	0.00	17.87	13.14	0.00	0.00	0.00	0.00	0.00	0.00	0.00	28.19	0.00	0.00	0.00	0.00	0.00	0.00	0.00	0.00	
ONH1_2015	0.00	0.00	0.00	0.00	0.00	16.25	0.00	0.00	0.00	0.00	0.00	0.00	16.78	13.46	0.00	0.00	0.00	0.00	0.00	0.00	0.00	28.53	0.00	0.00	0.00	0.00	0.00	0.00	0.00	0.00	
ONH1_2016	0.00	0.00	0.00	0.00	0.00	15.05	0.00	0.00	0.00	0.00	0.00	0.00	15.87	11.73	0.00	0.00	0.00	0.00	0.00	0.00	0.00	24.32	0.00	0.00	0.00	0.00	0.00	0.00	0.00	0.00	
ONH1_2017	0.00	0.00	0.00	0.00	0.00	17.32	0.00	0.00	0.00	0.00	0.00	0.00	17.34	14.13	0.00	0.00	0.00	0.00	0.00	0.00	0.00	27.96	0.00	0.00	0.00	0.00	0.00	0.00	0.00	0.00	
ONH2_2015	0.00	0.00	0.00	0.00	0.00	15.50	0.00	0.00	0.00	0.00	0.00	0.00	15.99	12.84	0.00	0.00	0.00	0.00	0.00	0.00	0.00	28.07	0.00	0.00	0.00	0.00	0.00	0.00	0.00	0.00	
ONH2_2016	0.00	0.00	0.00	0.00	0.00	13.27	0.00	0.00	0.00	0.00	0.00	0.00	13.80	9.66	0.00	0.00	0.00	0.00	0.00	0.00	0.00	22.04	0.00	0.00	0.00	0.00	0.00	0.00	0.00	0.00	
ONH2_2017	0.00	0.00	0.00	0.00	0.00	6.35	0.00	0.00	0.00	0.00	0.00	0.00	6.57	4.87	0.00	0.00	0.00	0.00	0.00	0.00	0.00	15.34	0.00	0.00	0.00	0.00	0.00	0.00	0.00	0.00	
ONH2_2019	0.00	0.00	0.00	0.00	0.00	12.01	0.00	0.00	0.00	0.00	0.00	0.00	12.74	9.78	0.00	0.00	0.00	0.00	0.00	0.00	0.00	22.13	0.00	0.00	0.00	0.00	0.00	0.00	0.00	0.00	
SCH1_2018	0.00	0.00	0.00	0.00	0.00	8.13	0.00	0.00	0.00	0.00	0.00	0.00	8.50	0.30	0.00	0.00	0.00	0.00	0.00	0.00	0.00	17.55	0.00	0.00	0.00	0.00	0.00	0.00	0.00	0.00	
SCH1_2019	0.00	0.00	0.00	0.00	0.00	8.48	0.00	0.00	0.00	0.00	0.00	0.00	7.77	0.00	0.00	0.00	0.00	0.00	0.00	0.00	0.00	13.70	0.00	0.00	0.00	0.00	0.00	0.00	0.00	0.00	
SCH1_2021	0.00	0.00	0.00	0.00	0.00	9.09	0.00	0.00	0.00	0.00	0.00	0.00	8.81	2.42	0.00	0.00	0.00	0.00	0.00	0.00	0.00	15.49	0.00	0.00	0.00	0.00	0.00	0.00	0.00	0.00	
SDH1_2015	0.00	0.00	0.00	0.00	0.00	9.19	0.00	0.00	0.00	0.00	0.00	0.00	8.71	2.82	0.00	0.00	0.00	0.00	0.00	0.00	0.00	13.78	0.00	0.00	0.00	0.00	0.00	0.00	0.00	0.00	
TXH1_2015	0.00	0.00	0.00	0.00	0.00	10.95	0.00	0.00	0.00	0.00	0.00	0.00	11.06	3.79	0.00	0.00	0.00	0.00	0.00	0.00	0.00	19.33	0.00	0.00	0.00	0.00	0.00	0.00	0.00	0.00	
TXH1_2016	0.00	0.00	0.00	0.00	0.00	8.95	0.00	0.00	0.00	0.00	0.00	0.00	8.92	1.13	0.00	0.00	0.00	0.00	0.00	0.00	0.00	16.01	0.00	0.00	0.00	0.00	0.00	0.00	0.00	0.00	
TXH1_2019	0.00	0.00	0.00	0.00	0.00	13.47	0.00	0.00	0.00	0.00	0.00	0.00	13.62	5.90	0.00	0.00	0.00	0.00	0.00	0.00	0.00	22.08	0.00	0.00	0.00	0.00	0.00	0.00	0.00	0.00	
TXH1_2021	0.00	0.00	0.00	0.00	0.00	10.91	0.00	0.00	0.00	0.00	0.00	0.00	10.54	3.52	0.00	0.00	0.00	0.00	0.00	0.00	0.00	17.19	0.00	0.00	0.00	0.00	0.00	0.00	0.00	0.00	
TXH1-Dry_2018	0.00	0.00	0.00	0.00	0.00	11.70	0.00	0.00	0.00	0.00	0.00	0.00	11.69	3.51	0.00	0.00	0.00	0.00	0.00	0.00	0.00	18.79	0.00	0.00	0.00	0.00	0.00	0.00	0.00	0.00	
TXH1-Early_2018	0.00	0.00	0.00	0.00	0.00	11.70	0.00	0.00	0.00	0.00	0.00	0.00	11.69	3.51	0.00	0.00	0.00	0.00	0.00	0.00	0.00	18.79	0.00	0.00	0.00	0.00	0.00	0.00	0.00	0.00	
TXH1-Late_2018	0.00	0.00	0.00	0.00	0.00	11.70	0.00	0.00	0.00	0.00	0.00	0.00	11.69	3.51	0.00	0.00	0.00	0.00	0.00	0.00	0.00	18.79	0.00	0.00	0.00	0.00	0.00	0.00	0.00	0.00	
TXH2_2019	0.00	0.00	0.00	0.00	0.00	13.47	0.00	0.00	0.00	0.00	0.00	0.00	13.62	5.90	0.00	0.00	0.00	0.00	0.00	0.00	0.00	22.08	0.00	0.00	0.00	0.00	0.00	0.00	0.00	0.00	
TXH2_2021	0.00	0.00	0.00	0.00	0.00	10.91	0.00	0.00	0.00	0.00	0.00	0.00	10.54	3.52	0.00	0.00	0.00	0.00	0.00	0.00	0.00	17.19	0.00	0.00	0.00	0.00	0.00	0.00	0.00	0.00	
TXH3_2019	0.00	0.00	0.00	0.00	0.00	13.47	0.00	0.00	0.00	0.00	0.00	0.00	13.62	5.90	0.00	0.00	0.00	0.00	0.00	0.00	0.00	22.08	0.00	0.00	0.00	0.00	0.00	0.00	0.00	0.00	
TXH3_2021	0.00	0.00	0.00	0.00	0.00	10.91	0.00	0.00	0.00	0.00	0.00	0.00	10.54	3.52	0.00	0.00	0.00	0.00	0.00	0.00	0.00	17.19	0.00	0.00	0.00	0.00	0.00	0.00	0.00	0.00	
WIH1_2015	0.00	0.00	0.00	0.00	0.00	13.76	0.00	0.00	0.00	0.00	0.00	0.00	14.04	10.11	0.00	0.00	0.00	0.00	0.00	0.00	0.00	23.32	0.00	0.00	0.00	0.00	0.00	0.00	0.00	0.00	
WIH1_2016	0.00	0.00	0.00	0.00	0.00	12.89	0.00	0.00	0.00	0.00	0.00	0.00	13.99	10.15	0.00	0.00	0.00	0.00	0.00	0.00	0.00	23.24	0.00	0.00	0.00	0.00	0.00	0.00	0.00	0.00	
WIH1_2017	0.00	0.00	0.00	0.00	0.00	17.63	0.00	0.00	0.00	0.00	0.00	0.00	17.23	13.72	0.00	0.00	0.00	0.00	0.00	0.00	0.00	27.65	0.00	0.00	0.00	0.00	0.00	0.00	0.00	0.00	
WIH1_2018	0.00	0.00	0.00	0.00	0.00	16.61	0.00	0.00	0.00	0.00	0.00	0.00	18.05	12.92	0.00	0.00	0.00	0.00	0.00	0.00	0.00	26.47	0.00	0.00	0.00	0.00	0.00	0.00	0.00	0.00	
WIH1_2019	0.00	0.00	0.00	0.00	0.00	20.71	0.00	0.00	0.00	0.00	0.00	0.00	21.73	17.14	0.00	0.00	0.00	0.00	0.00	0.00	0.00	32.06	0.00	0.00	0.00	0.00	0.00	0.00	0.00	0.00	
WIH1_2021	0.00	0.00	0.00	0.00	0.00	16.94	0.00	0.00	0.00	0.00	0.00	0.00	17.57	13.40	0.00	0.00	0.00	0.00	0.00	0.00	0.00	26.88	0.00	0.00	0.00	0.00	0.00	0.00	0.00	0.00	
WIH2_2015	0.00	0.00	0.00	0.00	0.00	12.85	0.00	0.00	0.00	0.00	0.00	0.00	13.24	9.52	0.00	0.00	0.00	0.00	0.00	0.00	0.00	22.02	0.00	0.00	0.00	0.00	0.00	0.00	0.00	0.00	
WIH2_2016	0.00	0.00	0.00	0.00	0.00	11.83	0.00	0.00	0.00	0.00	0.00	0.00	13.01	9.49	0.00	0.00	0.00	0.00	0.00	0.00	0.00	22.06	0.00	0.00	0.00	0.00	0.00	0.00	0.00	0.00	
WIH2_2017	0.00	0.00	0.00	0.00	0.00	16.87	0.00	0.00	0.00	0.00	0.00	0.00	16.70	13.41	0.00	0.00	0.00	0.00	0.00	0.00	0.00	27.02	0.00	0.00	0.00	0.00	0.00	0.00	0.00	0.00	
WIH2_2018	0.00	0.00	0.00	0.00	0.00	11.56	0.00	0.00	0.00	0.00	0.00	0.00	13.62	9.35	0.00	0.00	0.00	0.00	0.00	0.00	0.00	21.37	0.00	0.00	0.00	0.00	0.00	0.00	0.00	0.00	
WIH2_2019	0.00	0.00	0.00	0.00	0.00	14.03	0.00	0.00	0.00	0.00	0.00	0.00	15.12	11.19	0.00	0.00	0.00	0.00	0.00	0.00	0.00	25.11	0.00	0.00	0.00	0.00	0.00	0.00	0.00	0.00	
WIH2_2021	0.00	0.00	0.00	0.00	0.00	16.19	0.00	0.00	0.00	0.00	0.00	0.00	17.08	12.93	0.00	0.00	0.00	0.00	0.00	0.00	0.00	25.90	0.00	0.00	0.00	0.00	0.00	0.00	0.00	0.00	
WIH3_2021	0.00	0.00	0.00	0.00	0.00	14.57	0.00	0.00	0.00	0.00	0.00	0.00	15.51	11.48	0.00	0.00	0.00	0.00	0.00	0.00	0.00	24.48	0.00	0.00	0.00	0.00	0.00	0.00	0.00	0.00	
TXH1-Early_2017	0.00	0.00	0.00	0.00	0.00	12.53	0.00	0.00	0.00	0.00	0.00	0.00	13.21	5.08	0.00	0.00	0.00	0.00	0.00	0.00	0.00	20.76	0.00	0.00	0.00	0.00	0.00	0.00	0.00	0.00	
TXH1-Late_2017	0.00	0.00	0.00	0.00	0.00	12.53	0.00	0.00	0.00	0.00	0.00	0.00	13.21	5.08	0.00	0.00	0.00	0.00	0.00	0.00	0.00	20.76	0.00	0.00	0.00	0.00	0.00	0.00	0.00	0.00	
IAH1b_2014	0.00	0.00	0.00	0.00	0.00	14.20	0.00	0.00	0.00	0.00	0.00	0.00	14.55	11.31	0.00	0.00	0.00	0.00	0.00	0.00	0.00	23.12	0.00	0.00	0.00	0.00	0.00	0.00	0.00	0.00	
IAH1c_2014	0.00	0.00	0.00	0.00	0.00	14.20	0.00	0.00	0.00	0.00	0.00	0.00	14.55	11.31	0.00	0.00	0.00	0.00	0.00	0.00	0.00	23.12	0.00	0.00	0.00	0.00	0.00	0.00	0.00	0.00	
DEH1_2014	0.00	0.00	0.00	0.00	0.00	17.43	0.00	0.00	0.00	0.00	0.00	0.00	17.05	14.07	0.00	0.00	0.00	0.00	0.00	0.00	0.00	25.96	0.00	0.00	0.00	0.00	0.00	0.00	0.00	0.00	
WIH1_2014	0.00	0.00	0.00	0.00	0.00	15.19	0.00	0.00	0.00	0.00	0.00	0.00	15.84	12.88	0.00	0.00	0.00	0.00	0.00	0.00	0.00	26.64	0.00	0.00	0.00	0.00	0.00	0.00	0.00	0.00	
GAH1_2014	0.00	0.00	0.00	0.00	0.00	9.11	0.00	0.00	0.00	0.00	0.00	0.00	8.90	0.91	0.00	0.00	0.00	0.00	0.00	0.00	0.00	15.51	0.00	0.00	0.00	0.00	0.00	0.00	0.00	0.00	
IAH1a_2014	0.00	0.00	0.00	0.00	0.00	14.20	0.00	0.00	0.00	0.00	0.00	0.00	14.55	11.31	0.00	0.00	0.00	0.00	0.00	0.00	0.00	23.12	0.00	0.00	0.00	0.00	0.00	0.00	0.00	0.00	
IAH1_2016	0.00	0.00	0.00	0.00	0.00	12.37	0.00	0.00	0.00	0.00	0.00	0.00	12.32	8.77	0.00	0.00	0.00	0.00	0.00	0.00	0.00	20.74	0.00	0.00	0.00	0.00	0.00	0.00	0.00	0.00	
IAH1_2018	0.00	0.00	0.00	0.00	0.00	14.92	0.00	0.00	0.00	0.00	0.00	0.00	16.14	11.22	0.00	0.00	0.00	0.00	0.00	0.00	0.00	23.86	0.00	0.00	0.00	0.00	0.00	0.00	0.00	0.00	
IAH2_2014	0.00	0.00	0.00	0.00	0.00	14.13	0.00	0.00	0.00	0.00	0.00	0.00	14.22	10.57	0.00	0.00	0.00	0.00	0.00	0.00	0.00	22.27	0.00	0.00	0.00	0.00	0.00	0.00	0.00	0.00	
IAH2_2016	0.00	0.00	0.00	0.00	0.00	12.20	0.00	0.00	0.00	0.00	0.00	0.00	12.48	8.51	0.00	0.00	0.00	0.00	0.00	0.00	0.00	20.75	0.00	0.00	0.00	0.00	0.00	0.00	0.00	0.00	
IAH2_2018	0.00	0.00	0.00	0.00	0.00	16.40	0.00	0.00	0.00	0.00	0.00	0.00	17.60	11.61	0.00	0.00	0.00	0.00	0.00	0.00	0.00	26.32	0.00	0.00	0.00	0.00	0.00	0.00	0.00	0.00	
IAH3_2014	0.00	0.00	0.00	0.00	0.00	16.06	0.00	0.00	0.00	0.00	0.00	0.00	16.18	12.80	0.00	0.00	0.00	0.00	0.00	0.00	0.00	26.08	0.00	0.00	0.00	0.00	0.00	0.00	0.00	0.00	
IAH3_2016	0.00	0.00	0.00	0.00	0.00	13.67	0.00	0.00	0.00	0.00	0.00	0.00	13.82	9.95	0.00	0.00	0.00	0.00	0.00	0.00	0.00	22.20	0.00	0.00	0.00	0.00	0.00	0.00	0.00	0.00	
IAH3_2018	0.00	0.00	0.00	0.00	0.00	19.83	0.00	0.00	0.00	0.00	0.00	0.00	20.31	15.30	0.00	0.00	0.00	0.00	0.00	0.00	0.00	29.94	0.00	0.00	0.00	0.00	0.00	0.00	0.00	0.00	
IAH4_2014	0.00	0.00	0.00	0.00	0.00	16.26	0.00	0.00	0.00	0.00	0.00	0.00	16.26	12.62	0.00	0.00	0.00	0.00	0.00	0.00	0.00	24.90	0.00	0.00	0.00	0.00	0.00	0.00	0.00	0.00	
IAH4_2016	0.00	0.00	0.00	0.00	0.00	13.34	0.00	0.00	0.00	0.00	0.00	0.00	13.38	9.63	0.00	0.00	0.00	0.00	0.00	0.00	0.00	21.71	0.00	0.00	0.00	0.00	0.00	0.00	0.00	0.00	
IAH4_2018	0.00	0.00	0.00	0.00	0.00	16.39	0.00	0.00	0.00	0.00	0.00	0.00	17.59	12.31	0.00	0.00	0.00	0.00	0.00	0.00	0.00	25.87	0.00	0.00	0.00	0.00	0.00	0.00	0.00	0.00	
ILH1_2014	0.00	0.00	0.00	0.00	0.00	16.00	0.00	0.00	0.00	0.00	0.00	0.00	16.29	12.65	0.00	0.00	0.00	0.00	0.00	0.00	0.00	25.43	0.00	0.00	0.00	0.00	0.00	0.00	0.00	0.00	
ILH1_2021	0.00	0.00	0.00	0.00	0.00	16.99	0.00	0.00	0.00	0.00	0.00	0.00	16.75	12.40	0.00	0.00	0.00	0.00	0.00	0.00	0.00	25.84	0.00	0.00	0.00	0.00	0.00	0.00	0.00	0.00	
INH1_2014	0.00	0.00	0.00	0.00	0.00	14.99	0.00	0.00	0.00	0.00	0.00	0.00	15.16	11.95	0.00	0.00	0.00	0.00	0.00	0.00	0.00	24.64	0.00	0.00	0.00	0.00	0.00	0.00	0.00	0.00	
MNH1_2014	0.00	0.00	0.00	0.00	0.00	11.47	0.00	0.00	0.00	0.00	0.00	0.00	12.25	9.33	0.00	0.00	0.00	0.00	0.00	0.00	0.00	21.42	0.00	0.00	0.00	0.00	0.00	0.00	0.00	0.00	
MNH1_2017	0.00	0.00	0.00	0.00	0.00	13.79	0.00	0.00	0.00	0.00	0.00	0.00	13.86	10.66	0.00	0.00	0.00	0.00	0.00	0.00	0.00	22.31	0.00	0.00	0.00	0.00	0.00	0.00	0.00	0.00	
MOH1_2014	0.00	0.00	0.00	0.00	0.00	12.68	0.00	0.00	0.00	0.00	0.00	0.00	13.07	8.74	0.00	0.00	0.00	0.00	0.00	0.00	0.00	20.66	0.00	0.00	0.00	0.00	0.00	0.00	0.00	0.00	
MOH2_2014	0.00	0.00	0.00	0.00	0.00	12.68	0.00	0.00	0.00	0.00	0.00	0.00	13.07	8.74	0.00	0.00	0.00	0.00	0.00	0.00	0.00	20.66	0.00	0.00	0.00	0.00	0.00	0.00	0.00	0.00	
NCH1_2014	0.00	0.00	0.00	0.00	0.00	11.37	0.00	0.00	0.00	0.00	0.00	0.00	11.52	6.69	0.00	0.00	0.00	0.00	0.00	0.00	0.00	18.98	0.00	0.00	0.00	0.00	0.00	0.00	0.00	0.00	
NEH1_2014	0.00	0.00	0.00	0.00	0.00	8.45	0.00	0.00	0.00	0.00	0.00	0.00	8.59	4.49	0.00	0.00	0.00	0.00	0.00	0.00	0.00	15.34	0.00	0.00	0.00	0.00	0.00	0.00	0.00	0.00	
NEH1_2016	0.00	0.00	0.00	0.00	0.00	10.79	0.00	0.00	0.00	0.00	0.00	0.00	10.63	6.38	0.00	0.00	0.00	0.00	0.00	0.00	0.00	17.53	0.00	0.00	0.00	0.00	0.00	0.00	0.00	0.00	
NEH2_2014	0.00	0.00	0.00	0.00	0.00	9.17	0.00	0.00	0.00	0.00	0.00	0.00	8.86	3.60	0.00	0.00	0.00	0.00	0.00	0.00	0.00	14.70	0.00	0.00	0.00	0.00	0.00	0.00	0.00	0.00	
NEH2_2019	0.00	0.00	0.00	0.00	0.00	17.79	0.00	0.00	0.00	0.00	0.00	0.00	17.39	12.10	0.00	0.00	0.00	0.00	0.00	0.00	0.00	27.36	0.00	0.00	0.00	0.00	0.00	0.00	0.00	0.00	
NEH3_2014	0.00	0.00	0.00	0.00	0.00	9.47	0.00	0.00	0.00	0.00	0.00	0.00	9.29	3.41	0.00	0.00	0.00	0.00	0.00	0.00	0.00	14.90	0.00	0.00	0.00	0.00	0.00	0.00	0.00	0.00	
NEH4_2016	0.00	0.00	0.00	0.00	0.00	10.79	0.00	0.00	0.00	0.00	0.00	0.00	10.63	6.38	0.00	0.00	0.00	0.00	0.00	0.00	0.00	17.53	0.00	0.00	0.00	0.00	0.00	0.00	0.00	0.00	
NYH1_2014	0.00	0.00	0.00	0.00	0.00	12.63	0.00	0.00	0.00	0.00	0.00	0.00	13.73	10.38	0.00	0.00	0.00	0.00	0.00	0.00	0.00	21.89	0.00	0.00	0.00	0.00	0.00	0.00	0.00	0.00	
NYH1_2015	0.00	0.00	0.00	0.13	0.00	10.98	0.00	0.00	0.00	0.00	0.00	0.00	12.08	7.60	0.00	0.00	0.00	0.00	0.00	0.00	0.00	20.85	0.00	0.00	0.00	0.00	0.00	0.00	0.00	0.00	
NYH1_2016	0.00	0.00	0.00	0.00	0.00	9.54	0.00	0.00	0.00	0.00	0.00	0.00	10.23	6.43	0.00	0.00	0.00	0.00	0.00	0.00	0.00	17.29	0.00	0.00	0.00	0.00	0.00	0.00	0.00	0.00	
NYH2_2014	0.00	0.00	0.00	0.00	0.00	12.63	0.00	0.00	0.00	0.00	0.00	0.00	13.73	10.38	0.00	0.00	0.00	0.00	0.00	0.00	0.00	21.89	0.00	0.00	0.00	0.00	0.00	0.00	0.00	0.00	
NYS1_2021	0.00	0.00	0.00	0.00	0.00	15.96	0.00	0.00	0.00	0.00	0.00	0.00	16.80	12.60	0.00	0.00	0.00	0.00	0.00	0.00	0.00	26.49	0.00	0.00	0.00	0.00	0.00	0.00	0.00	0.00	
ONH1_2014	0.00	0.00	0.00	0.00	0.00	15.09	0.00	0.00	0.00	0.00	0.00	0.00	15.60	12.71	0.00	0.00	0.00	0.00	0.00	0.00	0.00	26.32	0.00	0.00	0.00	0.00	0.00	0.00	0.00	0.00	
ONH2_2014	0.00	0.00	0.00	0.00	0.00	12.08	0.00	0.00	0.00	0.00	0.00	0.00	13.04	10.92	0.00	0.00	0.00	0.00	0.00	0.00	0.00	22.84	0.00	0.00	0.00	0.00	0.00	0.00	0.00	0.00	
TXH1_2014	0.00	0.00	0.00	0.00	0.00	13.53	0.00	0.00	0.00	0.00	0.00	0.00	12.71	5.91	0.00	0.00	0.00	0.00	0.00	0.00	0.00	21.33	0.00	0.00	0.00	0.00	0.00	0.00	0.00	0.00	
TXH1-Dry_2017	0.00	0.00	0.00	0.00	0.00	12.53	0.00	0.00	0.00	0.00	0.00	0.00	13.21	5.08	0.00	0.00	0.00	0.00	0.00	0.00	0.00	20.76	0.00	0.00	0.00	0.00	0.00	0.00	0.00	0.00	
TXH2_2014	0.00	0.00	0.00	0.00	0.00	10.32	0.00	0.00	0.00	0.00	0.00	0.00	10.35	3.33	0.00	0.00	0.00	0.00	0.00	0.00	0.00	15.47	0.00	0.00	0.00	0.00	0.00	0.00	0.00	0.00	
TXH2_2018	0.00	0.00	0.00	0.00	0.00	12.35	0.00	0.00	0.00	0.00	0.00	0.00	12.62	4.59	0.00	0.00	0.00	0.00	0.00	0.00	0.00	17.77	0.00	0.00	0.00	0.00	0.00	0.00	0.00	0.00	
TXH4_2019	0.00	0.00	0.00	0.00	0.00	13.52	0.00	0.00	0.00	0.00	0.00	0.00	13.34	5.31	0.00	0.00	0.00	0.00	0.00	0.00	0.00	19.49	0.00	0.00	0.00	0.00	0.00	0.00	0.00	0.00	
DEH1_2020	0.00	0.00	0.00	0.00	0.00	13.04	0.00	0.00	0.00	0.00	0.00	0.00	12.95	9.21	0.00	0.00	0.00	0.00	0.00	0.00	0.00	20.67	0.00	0.00	0.00	0.00	0.00	0.00	0.00	0.00	
GAH1_2020	0.00	0.00	0.00	0.00	0.00	14.87	0.00	0.00	0.00	0.00	0.00	0.00	13.15	6.73	0.00	0.00	0.00	0.00	0.00	0.00	0.00	21.70	0.00	0.00	0.00	0.00	0.00	0.00	0.00	0.00	
GAH2_2020	0.00	0.00	0.00	0.00	0.00	14.73	0.00	0.00	0.00	0.00	0.00	0.00	13.12	6.16	0.00	0.00	0.00	0.00	0.00	0.00	0.00	22.91	0.00	0.00	0.00	0.00	0.00	0.00	0.00	0.00	
GEH1_2020	0.00	0.00	0.00	0.00	0.00	11.27	0.00	0.00	0.00	0.00	0.00	0.00	13.86	10.22	0.00	0.00	0.00	0.00	0.00	0.00	0.00	22.01	0.00	0.00	0.00	0.00	0.00	0.00	0.00	0.00	
IAH1_2020	0.00	0.00	0.00	0.00	0.00	15.18	0.00	0.00	0.00	0.00	0.00	0.00	15.04	10.86	0.00	0.00	0.00	0.00	0.00	0.00	0.00	23.30	0.00	0.00	0.00	0.00	0.00	0.00	0.00	0.00	
INH1_2020	0.00	0.00	0.00	0.00	0.00	17.05	0.00	0.00	0.00	0.00	0.00	0.00	17.16	13.02	0.00	0.00	0.00	0.00	0.00	0.00	0.00	25.64	0.00	0.00	0.00	0.00	0.00	0.00	0.00	0.00	
MIH1_2020	0.00	0.00	0.00	0.00	0.00	14.53	0.00	0.00	0.00	0.00	0.00	0.00	15.24	11.14	0.00	0.00	0.00	0.00	0.00	0.00	0.00	24.51	0.00	0.00	0.00	0.00	0.00	0.00	0.00	0.00	
MNH1_2020	0.00	0.00	0.00	0.00	0.00	14.34	0.00	0.00	0.00	0.00	0.00	0.00	15.00	11.30	0.00	0.00	0.00	0.00	0.00	0.00	0.00	23.63	0.00	0.00	0.00	0.00	0.00	0.00	0.00	0.00	
MOH1_1_2020	0.00	0.00	0.00	0.00	0.00	15.78	0.00	0.00	0.00	0.00	0.00	0.00	15.67	10.38	0.00	0.00	0.00	0.00	0.00	0.00	0.00	23.60	0.00	0.00	0.00	0.00	0.00	0.00	0.00	0.00	
MOH1_2_2020	0.00	0.00	0.00	0.00	0.00	15.78	0.00	0.00	0.00	0.00	0.00	0.00	15.67	10.38	0.00	0.00	0.00	0.00	0.00	0.00	0.00	23.60	0.00	0.00	0.00	0.00	0.00	0.00	0.00	0.00	
NCH1_2020	0.00	0.00	0.00	0.00	0.00	12.46	0.00	0.00	0.00	0.00	0.00	0.00	12.39	7.57	0.00	0.00	0.00	0.00	0.00	0.00	0.00	20.20	0.00	0.00	0.00	0.00	0.00	0.00	0.00	0.00	
NEH1_2020	0.00	0.00	0.00	0.00	0.00	12.29	0.00	0.00	0.00	0.00	0.00	0.00	12.61	8.71	0.00	0.00	0.00	0.00	0.00	0.00	0.00	19.29	0.00	0.00	0.00	0.00	0.00	0.00	0.00	0.00	
NYH2_2020	0.00	0.00	0.00	0.00	0.00	15.55	0.00	0.00	0.00	0.00	0.00	0.00	16.26	11.70	0.00	0.00	0.00	0.00	0.00	0.00	0.00	24.40	0.00	0.00	0.00	0.00	0.00	0.00	0.00	0.00	
NYH3_2020	0.00	0.00	0.00	0.00	0.00	15.55	0.00	0.00	0.00	0.00	0.00	0.00	16.26	11.70	0.00	0.00	0.00	0.00	0.00	0.00	0.00	24.40	0.00	0.00	0.00	0.00	0.00	0.00	0.00	0.00	
NYS1_2020	0.00	0.00	0.00	0.00	0.00	15.55	0.00	0.00	0.00	0.00	0.00	0.00	16.26	11.70	0.00	0.00	0.00	0.00	0.00	0.00	0.00	24.40	0.00	0.00	0.00	0.00	0.00	0.00	0.00	0.00	
OHH1_2020	0.00	0.00	0.00	0.00	0.00	17.69	0.00	0.00	0.00	0.00	0.00	0.00	17.83	13.24	0.00	0.00	0.00	0.00	0.00	0.00	0.00	25.86	0.00	0.00	0.00	0.00	0.00	0.00	0.00	0.00	
SCH1_2020	0.00	0.00	0.00	0.00	0.00	13.46	0.00	0.00	0.00	0.00	0.00	0.00	11.90	5.33	0.00	0.00	0.00	0.00	0.00	0.00	0.00	20.36	0.00	0.00	0.00	0.00	0.00	0.00	0.00	0.00	
TXH1_2020	0.00	0.00	0.00	0.00	0.00	12.90	0.00	0.00	0.00	0.00	0.00	0.00	12.24	5.65	0.00	0.00	0.00	0.00	0.00	0.00	0.00	19.57	0.00	0.00	0.00	0.00	0.00	0.00	0.00	0.00	
TXH2_2020	0.00	0.00	0.00	0.00	0.00	12.90	0.00	0.00	0.00	0.00	0.00	0.00	12.24	5.65	0.00	0.00	0.00	0.00	0.00	0.00	0.00	19.57	0.00	0.00	0.00	0.00	0.00	0.00	0.00	0.00	
TXH3_2020	0.00	0.00	0.00	0.00	0.00	12.90	0.00	0.00	0.00	0.00	0.00	0.00	12.24	5.65	0.00	0.00	0.00	0.00	0.00	0.00	0.00	19.57	0.00	0.00	0.00	0.00	0.00	0.00	0.00	0.00	
WIH1_2020	0.00	0.00	0.00	0.00	0.00	17.33	0.00	0.00	0.00	0.00	0.00	0.00	17.97	13.36	0.00	0.00	0.00	0.00	0.00	0.00	0.00	28.51	0.00	0.00	0.00	0.00	0.00	0.00	0.00	0.00	
WIH2_2020	0.00	0.00	0.00	0.00	0.00	16.46	0.00	0.00	0.00	0.00	0.00	0.00	17.51	12.98	0.00	0.00	0.00	0.00	0.00	0.00	0.00	27.88	0.00	0.00	0.00	0.00	0.00	0.00	0.00	0.00	
WIH3_2020	0.00	0.00	0.00	0.00	0.00	16.32	0.00	0.00	0.00	0.00	0.00	0.00	17.44	13.09	0.00	0.00	0.00	0.00	0.00	0.00	0.00	28.25	0.00	0.00	0.00	0.00	0.00	0.00	0.00	0.00	
NEH2_2020	0.00	0.00	0.00	0.00	0.00	12.35	0.00	0.00	0.00	0.00	0.00	0.00	12.01	7.22	0.00	0.00	0.00	0.00	0.00	0.00	0.00	17.72	0.00	0.00	0.00	0.00	0.00	0.00	0.00	0.00	
NEH3_2020	0.00	0.00	0.00	0.00	0.00	12.35	0.00	0.00	0.00	0.00	0.00	0.00	12.01	7.22	0.00	0.00	0.00	0.00	0.00	0.00	0.00	17.72	0.00	0.00	0.00	0.00	0.00	0.00	0.00	0.00	
DEH1_2022	0.00	0.00	0.00	0.00	0.00	16.00	0.00	0.00	0.00	0.00	0.00	0.00	15.91	11.21	0.00	0.00	0.00	0.00	0.00	0.00	0.00	24.28	0.00	0.00	0.00	0.00	0.00	0.00	0.00	0.00	
GAH1_2022	0.00	0.00	0.00	0.00	0.00	8.72	0.00	0.00	0.00	0.00	0.00	0.00	8.74	1.60	0.00	0.00	0.00	0.00	0.00	0.00	0.00	15.91	0.00	0.00	0.00	0.00	0.00	0.00	0.00	0.00	
GAH2_2022	0.00	0.00	0.00	0.00	0.00	10.33	0.00	0.00	0.00	0.00	0.00	0.00	9.98	2.52	0.00	0.00	0.00	0.00	0.00	0.00	0.00	22.80	0.00	0.00	0.00	0.00	0.00	0.00	0.00	0.00	
IAH1_2022	0.00	0.00	0.00	0.00	0.00	13.14	0.00	0.00	0.00	0.00	0.00	0.00	14.23	10.10	0.00	0.00	0.00	0.00	0.00	0.00	0.00	21.99	0.00	0.00	0.00	0.00	0.00	0.00	0.00	0.00	
IAH2_2022	0.00	0.00	0.00	0.00	0.00	11.21	0.00	0.00	0.00	0.00	0.00	0.00	11.72	6.96	0.00	0.00	0.00	0.00	0.00	0.00	0.00	19.03	0.00	0.00	0.00	0.00	0.00	0.00	0.00	0.00	
IAH3_2022	0.00	0.00	0.00	0.00	0.00	12.56	0.00	0.00	0.00	0.00	0.00	0.00	13.66	8.99	0.00	0.00	0.00	0.00	0.00	0.00	0.00	21.92	0.00	0.00	0.00	0.00	0.00	0.00	0.00	0.00	
IAH4_2022	0.00	0.00	0.00	0.00	0.00	12.86	0.00	0.00	0.00	0.00	0.00	0.00	13.14	8.53	0.00	0.00	0.00	0.00	0.00	0.00	0.00	21.00	0.00	0.00	0.00	0.00	0.00	0.00	0.00	0.00	
ILH1_2022	0.00	0.00	0.00	0.00	0.00	12.73	0.00	0.00	0.00	0.00	0.00	0.00	13.29	9.02	0.00	0.00	0.00	0.00	0.00	0.00	0.00	22.49	0.00	0.00	0.00	0.00	0.00	0.00	0.00	0.00	
INH1_2022	0.00	0.00	0.00	0.00	0.00	11.23	0.00	0.00	0.00	0.00	0.00	0.00	12.19	8.16	0.00	0.00	0.00	0.00	0.00	0.00	0.00	20.19	0.00	0.00	0.00	0.00	0.00	0.00	0.00	0.00	
MIH1_2022	0.00	0.00	0.00	0.00	0.00	11.50	0.00	0.00	0.00	0.00	0.00	0.00	12.74	8.56	0.00	0.00	0.00	0.00	0.00	0.00	0.00	22.96	0.00	0.00	0.00	0.00	0.00	0.00	0.00	0.00	
MNH1_2022	0.00	0.00	0.00	0.00	0.00	11.47	0.00	0.00	0.00	0.00	0.00	0.00	12.07	8.41	0.00	0.00	0.00	0.00	0.00	0.00	0.00	21.53	0.00	0.00	0.00	0.00	0.00	0.00	0.00	0.00	
MOH2_2022	0.00	0.00	0.00	0.00	0.00	12.84	0.00	0.00	0.00	0.00	0.00	0.00	12.90	8.04	0.00	0.00	0.00	0.00	0.00	0.00	0.00	20.97	0.00	0.00	0.00	0.00	0.00	0.00	0.00	0.00	
NCH1_2022	0.00	0.00	0.00	0.00	0.00	11.51	0.00	0.00	0.00	0.00	0.00	0.00	11.57	6.40	0.00	0.00	0.00	0.00	0.00	0.00	0.00	19.97	0.00	0.00	0.00	0.00	0.00	0.00	0.00	0.00	
NEH1_2022	0.00	0.00	0.00	0.00	0.00	12.06	0.00	0.00	0.00	0.00	0.00	0.00	11.94	7.83	0.00	0.00	0.00	0.00	0.00	0.00	0.00	18.19	0.00	0.00	0.00	0.00	0.00	0.00	0.00	0.00	
NEH2_2022	0.00	0.00	0.00	0.00	0.00	11.83	0.00	0.00	0.00	0.00	0.00	0.00	12.09	6.19	0.00	0.00	0.00	0.00	0.00	0.00	0.00	17.75	0.00	0.00	0.00	0.00	0.00	0.00	0.00	0.00	
NEH3_2022	0.00	0.00	0.00	0.00	0.00	11.83	0.00	0.00	0.00	0.00	0.00	0.00	12.09	6.19	0.00	0.00	0.00	0.00	0.00	0.00	0.00	17.75	0.00	0.00	0.00	0.00	0.00	0.00	0.00	0.00	
NYH2_2022	0.00	0.00	0.00	0.00	0.00	11.52	0.00	0.00	0.00	0.00	0.00	0.00	12.86	7.72	0.00	0.00	0.00	0.00	0.00	0.00	0.00	21.18	0.00	0.00	0.00	0.00	0.00	0.00	0.00	0.00	
NYH3_2022	0.00	0.00	0.00	0.00	0.00	11.52	0.00	0.00	0.00	0.00	0.00	0.00	12.86	7.72	0.00	0.00	0.00	0.00	0.00	0.00	0.00	21.18	0.00	0.00	0.00	0.00	0.00	0.00	0.00	0.00	
OHH1_2022	0.00	0.00	0.00	0.00	0.00	12.52	0.00	0.00	0.00	0.00	0.00	0.00	13.01	8.43	0.00	0.00	0.00	0.00	0.00	0.00	0.00	21.93	0.00	0.00	0.00	0.00	0.00	0.00	0.00	0.00	
SCH1_2022	0.00	0.00	0.00	0.00	0.00	11.37	0.00	0.00	0.00	0.00	0.00	0.00	11.19	4.19	0.00	0.00	0.00	0.00	0.00	0.00	0.00	22.94	0.00	0.00	0.00	0.00	0.00	0.00	0.00	0.00	
TXH1_2022	0.00	0.00	0.00	0.00	0.00	14.62	0.00	0.00	0.00	0.00	0.00	0.00	14.28	6.38	0.00	0.00	0.00	0.00	0.00	0.00	0.00	22.44	0.00	0.00	0.00	0.00	0.00	0.00	0.00	0.00	
TXH2_2022	0.00	0.00	0.00	0.00	0.00	14.62	0.00	0.00	0.00	0.00	0.00	0.00	14.28	6.38	0.00	0.00	0.00	0.00	0.00	0.00	0.00	22.44	0.00	0.00	0.00	0.00	0.00	0.00	0.00	0.00	
TXH3_2022	0.00	0.00	0.00	0.00	0.00	14.62	0.00	0.00	0.00	0.00	0.00	0.00	14.28	6.38	0.00	0.00	0.00	0.00	0.00	0.00	0.00	22.44	0.00	0.00	0.00	0.00	0.00	0.00	0.00	0.00	
WIH1_2022	0.00	0.00	0.00	0.00	0.00	8.20	0.00	0.00	0.00	0.00	0.00	0.00	8.50	3.27	0.00	0.00	0.00	0.00	0.00	0.00	0.00	18.52	0.00	0.00	0.00	0.00	0.00	0.00	0.00	0.00	
WIH2_2022	0.00	0.00	0.00	0.00	0.00	8.48	0.00	0.00	0.00	0.00	0.00	0.00	9.40	5.36	0.00	0.00	0.00	0.00	0.00	0.00	0.00	20.03	0.00	0.00	0.00	0.00	0.00	0.00	0.00	0.00	
WIH3_2022	0.00	0.00	0.00	0.00	0.00	9.81	0.00	0.00	0.00	0.00	0.00	0.00	11.38	7.52	0.00	0.00	0.00	0.00	0.00	0.00	0.00	21.79	0.00	0.00	0.00	0.00	0.00	0.00	0.00	0.00	
